1895
1685
1566
1318
1386
1759
2190
2293
2684
2493
2268
2347
2421
2195
2177
1766
1697
1815
1497
1520
1505
1348
1311
1810
1887
1814
1658
1849
2119
2171
2279
2010
2215
2047
2127
1904
1786
1754
1746
1752
2033
2152
2259
2272
2360
2291
2072
2087
2168
2395
2021
1944
2133
2134
1897
1759
1817
1626
1637
1787
1684
1968
1987
1778
1887
1916
2022
2242
2412
2228
2584
2636
2394
2521
2825
2745
2198
1913
2112
2017
1845
2064
1920
1932
2079
2168
2121
2191
2429
2136
1823
1689
1863
1772
1826
1936
2258
2333
2387
2334
2154
2356
2459
2543
2578
2670
2754
2387
2072
2068
2142
1922
1635
1622
1753
2118
2112
2075
2166
2236
2294
2151
2162
2273
2103
2068
2205
2065
1769
1628
1417
974
879
1398
1568
1457
1417
1733
1765
1935
1929
2243
2318
2567
2515
2433
2383
2263
2174
2018
1909
1476
1707
1779
2036
1919
1999
2095
2241
2482
2604
2651
2456
2452
2363
2348
2234
2271
2199
1966
1758
1488
1432
1741
1659
1816
1571
2001
2123
1995
2043
2321
2545
2327
2468
2341
2236
2283
1960
1876
1808
1962
1990
1995
2092
2217
2253
2272
2419
2142
2204
2224
2182
2347
2142
1738
1682
1661
1293
1631
1740
1769
1919
1921
1729
1895
2031
2047
2068
2146
2127
2062
1766
1745
1724
1455
1256
1540
1621
1569
1632
1870
2122
2543
2477
2660
2435
2390
2202
2410
2336
2114
1914
1832
1802
1751
1999
2032
2121
2191
2320
2562
2563
2600
2520
2706
2569
2359
2203
2261
1756
1242
1185
1355
1445
1907
2081
2070
2370
2565
2399
2328
2550
2415
2201
2047
1879
2035
2028
1830
2061
2249
2234
2127
2037
1934
2210
1939
2136
2262
2025
1608
1831
1692
1920
1939
2030
2332
2390
2315
2498
3073
2734
2703
2484
2479
2482
2074
1894
1588
1517
1668
1744
1610
1763
1670
1751
1753
1503
1518
1814
1999
2312
2350
2213
2302
2358
1974
2130
1944
1840
2057
2167
1831
2068
2213
2242
2153
1917
1956
1950
1914
1835
1949
1674
1737
1923
1748
1902
1781
1923
2003
2193
2527
2463
2495
2413
2559
2465
2418
2302
2192
1847
1732
1643
1461
1443
1340
1438
1424
1787
1627
1618
2045
2267
2548
2348
2349
2473
2556
2314
2089
2279
2323
2355
2345
2317
2181
2125
1949
2120
2249
2131
1866
1698
1544
1446
1396
1495
1580
1739
2120
2069
2006
2331
2515
2102
2093
2253
2235
2282
2186
2053
1888
1933
2009
1769
1947
2110
2060
1737
1879
1857
1932
2006
2030
1947
1832
1621
1910
1830
2101
2113
2264
2247
2650
2440
2252
2451
2492
2364
2306
2276
2035
1969
1960
1579
1484
1559
1585
1483
1801
1853
2220
2185
2173
2209
2375
2452
2425
2124
1895
1747
1926
2152
2048
2178
2245
2153
2185
2197
2327
2322
2052
1756
1831
1700
1798
1818
1989
1926
1826
1862
2239
2128
2160
2234
2477
2523
2613
2595
2624
2354
2107
2146
2198
2267
2038
1996
2142
1868
2123
2304
2297
2339
2383
2107
2025
1976
1829
1487
1586
1455
1498
1793
1948
1835
1610
1839
1889
2088
2031
1731
1678
1744
1999
2345
2465
2567
2692
2464
2179
2357
2290
2250
2284
2136
2099
2140
2182
2145
1953
1658
1763
1919
2011
1984
1907
2041
2168
2307
2177
2013
1942
2041
2223
2162
1841
1939
2060
1837
1666
1864
1795
1881
1898
1917
2011
1998
2010
2118
2115
2093
2121
2017
2121
2236
2267
2093
2020
1874
2073
1911
1779
1629
1587
1338
1680
1541
1560
1719
2271
2262
2240
2267
2740
2777
2406
2507
2359
2007
1819
1817
1790
1694
1577
1500
1601
1893
1928
2128
2208
2437
2623
2705
2993
2670
2629
2476
2493
2391
2072
1920
1621
1866
1664
1820
1683
1904
1883
1894
1884
2192
2399
2324
2418
2637
2528
2438
2333
2261
2235
1720
1961
1701
1837
1872
1859
2029
2049
1896
1848
2000
1979
2114
2025
1749
1936
2112
2167
2505
2490
2599
2532
2536
2512
2472
2471
2161
2137
1966
1876
1798
1807
1852
1994
1761
1526
1836
1984
1912
2140
2258
2094
2293
2323
2251
2203
2191
1932
1570
1641
1610
1919
1620
1424
1462
1565
1615
1918
2083
1974
1991
2174
2516
2574
2618
2686
2346
2531
2505
2109
1799
1775
1540
1534
1737
1696
1779
1833
1879
1979
1821
1969
1976
2085
2046
1993
2202
2282
2203
2189
2191
2240
2138
2126
1989
1986
2031
1913
1920
1695
1938
1983
1895
1917
1897
2001
1941
2039
1823
1740
1821
2147
2119
1791
2069
2059
2055
2024
1931
1734
1893
1899
1981
2135
2332
2364
2410
2569
2330
2360
2224
2346
2148
2182
1985
1880
1725
1595
1545
1611
1821
2070
2144
2302
2239
2428
2751
2840
2679
2808
2944
2503
2414
2328
2007
1816
1650
1689
1877
1873
1741
1725
1978
2120
2133
2306
2512
2672
2617
2216
1990
1940
1863
2038
2192
2283
2137
2050
1968
2055
1822
1649
1617
1370
1558
1639
1217
1529
1502
1757
2211
2367
2212
2295
2500
2354
2455
1905
1726
1737
1707
1606
1555
1672
1752
1690
1731
1700
1842
1657
1531
1869
2127
1911
1906
2173
1836
1966
2115
2064
2013
2277
2373
2416
2433
2623
2510
2485
2321
2269
2270
2180
2128
1966
1534
1174
1504
1913
1667
1804
2341
2386
2265
2377
2337
2342
2065
2109
2047
1962
1630
1911
1984
1920
1869
2091
1994
2216
2067
1823
1684
1780
1775
1705
1822
1677
1926
1735
1771
1998
2052
1930
2088
2168
2070
2244
2254
2140
2182
2253
2366
2400
2453
2451
2436
2477
2325
2139
1912
1671
1785
1668
1527
1416
1741
1476
1514
2003
2158
2148
2209
2385
2530
2618
2567
2600
2732
2566
2369
2372
2071
2164
2175
1927
1785
1873
1496
1318
1434
1625
1685
1938
1953
1834
1872
1758
1797
1882
1985
1991
2099
2437
2257
2332
2556
2674
2595
2684
2822
2462
2343
2558
2560
2386
2106
2024
2024
1709
1580
1737
1513
1267
1441
1422
1738
2058
2071
2155
2391
2461
2597
2501
2401
2426
2413
2186
1951
1786
1787
1931
2024
2064
2099
2265
2140
2157
1964
2058
2096
1980
1965
2120
2352
2146
2066
2039
1826
1598
1666
2011
2038
2246
2410
2328
2496
2460
2446
2628
2576
2145
2080
2028
1933
1830
1670
1561
1693
1594
1227
1449
1792
1999
1659
1541
1915
1985
2212
2030
2398
2507
2588
2588
2594
2577
2329
2112
1873
1578
1673
1415
1578
1676
1886
1906
1821
1926
1766
1500
1563
1623
1450
1531
1427
1527
1921
1979
1766
2103
2404
2515
2633
2638
2418
2605
2661
2728
2415
2453
2393
2203
2384
2271
2273
2630
2831
2634
2435
2588
2620
2486
2237
2306
2325
1965
1865
1655
1520
1546
1377
1617
2045
2116
2012
2265
2193
2208
2225
2220
1966
1847
1939
1811
1718
1789
1852
1938
1876
2041
2089
2141
2199
2141
2094
1805
1793
1768
1705
1886
1798
1722
1976
2010
1916
1791
2039
1958
1953
2239
2121
2355
2154
2121
2145
2216
1820
2140
2205
2115
2078
2224
2102
2150
1727
1802
1881
2176
2458
2480
2149
2150
2520
2583
2422
2160
2019
2200
2218
2162
1830
1827
2099
2250
2351
2235
2223
2374
2364
2251
2048
2008
1793
1982
1598
1693
1559
1507
1841
1974
2113
2032
1955
2031
2084
2032
2155
1974
2031
1934
1900
1946
1910
1961
1845
1933
2199
2260
2221
1900
1898
1857
2018
2100
2152
2125
2087
2155
2062
2168
1931
1724
1753
1630
1610
1704
1915
1905
2078
1914
1971
2015
2048
2036
2224
1964
1962
1965
1810
1772
1779
1754
2029
1830
1729
1903
2048
2018
2044
2315
2184
2259
2488
2344
2301
2344
2392
2235
2115
1735
1468
1856
1823
1792
1828
2106
2182
2172
1966
2027
2039
1911
2064
2264
2122
2275
2498
2307
2197
1872
1755
1807
1892
1884
2069
2052
1813
2029
2279
2189
2137
1943
2113
2118
2292
2096
2180
2323
2405
2271
1983
2036
1961
1851
1817
1897
1877
2135
2141
2314
2156
2250
2171
2419
2460
2507
2466
2356
2399
2207
2075
2024
1827
1736
1566
1674
1673
1749
2005
2267
2176
2071
2157
2217
2058
2091
1977
1996
2126
2173
2147
2008
1808
1725
1853
1596
1503
1572
1719
1892
1988
1884
1911
2060
1800
1950
2040
2040
2188
2272
2130
2284
2568
2389
2162
2303
2323
2182
2138
1989
1992
1884
2135
2069
2010
2177
2229
1981
2020
2289
1962
1913
1869
2116
1888
1825
1923
2218
2115
1972
2204
2115
2255
2347
2408
2309
2414
2297
2440
2332
2255
2475
2451
2157
2417
2084
1980
1923
2123
1945
2307
1951
2114
2236
2017
2054
2230
2307
2055
2198
2235
2108
1899
1706
1852
1862
1856
1764
1848
2033
2009
2034
2188
2192
1979
2104
2174
2056
1821
1846
1972
2085
2062
2070
2152
2024
1876
1878
2201
2004
2001
1846
1885
1878
2000
1961
1884
1813
1941
2271
2437
2342
2265
2169
2215
2178
2036
2079
2120
1825
1717
1610
1878
1842
1847
1586
1713
1655
2042
2044
2042
1882
1857
1804
2001
2132
2112
2048
2102
1953
2046
2189
2372
2088
2257
2190
2266
2358
2273
2075
1985
1737
1773
1582
1519
1564
1625
1449
1880
2198
1866
2152
2230
2229
2298
2128
1984
1818
1883
1979
1909
1933
2142
2161
2107
2123
2107
1954
2044
2166
2322
2061
2123
2229
2215
2100
2211
2074
2237
2097
2030
1813
1554
1597
1553
1788
1898
1973
1817
2070
2085
2199
2193
2214
2268
2322
2288
2089
1937
2159
1876
1769
1917
2100
1916
1983
1898
1969
1863
2016
2104
2054
2155
2652
2540
2502
2544
2300
2275
2398
2353
1955
1969
1663
1854
2038
2139
1910
1932
1874
1765
1977
2223
2052
2099
2104
2181
2020
2213
2470
2245
2197
2534
2521
2384
2313
2036
1895
1997
1816
1605
1707
1837
1836
1708
1888
1993
1952
2395
2606
2512
2658
2383
2221
2262
2197
2099
1987
1708
1704
1705
1765
1907
1974
2100
1980
2027
1843
2221
1957
2094
2096
1962
2122
2269
2355
2218
2200
1956
1804
1744
1538
1419
1526
1730
1489
1600
1845
2106
1932
2016
1880
2009
2372
2277
2102
2061
2017
1990
2091
2124
1823
1596
1530
1590
1751
1923
1932
2072
1908
2065
2158
2524
2319
2280
2042
2124
2061
2075
2213
2218
2110
1963
1944
1873
1855
1777
1848
1887
1803
2017
2242
2165
2229
2352
2329
2101
2111
1685
1437
1428
1663
1600
1568
1720
1783
2147
2377
2589
2409
2268
2312
2601
2430
2282
2227
2358
2313
2130
1899
2202
2110
2103
2266
2149
2064
2032
1938
1840
1912
2011
2064
2461
2640
2550
2470
2273
2264
2154
2075
2068
2063
1862
1694
1929
1939
1999
2332
2232
2181
2278
2494
2535
2551
2390
2414
2579
2308
2235
1821
1791
1687
1877
1809
1789
1910
1887
2046
1897
2163
2043
2030
1890
1888
2100
2098
2163
2223
2181
2160
2241
2057
1968
1950
1968
1899
2309
2015
1960
1948
2124
2214
2425
2345
2380
2609
2546
2261
2030
2108
2168
2062
1703
1571
1498
1446
1506
1610
1753
2000
2095
2033
2158
2349
2428
2306
2285
1997
1978
1946
1828
1614
1502
1601
1369
1772
1717
1469
1674
1868
1942
2226
2194
2045
2155
2182
2051
1989
2149
2193
2327
2105
2198
2306
2237
2301
2170
2112
1886
1836
1929
2094
2439
2322
2272
2337
2215
2061
2148
2443
2291
2309
2605
2531
2434
2227
2365
2130
2094
2104
2090
2048
1724
1660
1709
1830
1829
2081
1973
2056
2118
2053
2045
2223
2197
2243
2367
2267
2320
2289
1976
1765
1535
1581
1794
2213
2057
1858
2002
1943
2139
2250
2078
1756
1958
2156
2359
2255
2175
2218
2241
2212
2185
2106
2012
1657
1657
1518
1721
1706
1843
1737
1854
1644
1894
2137
2322
2296
2569
2477
2372
2415
2319
2466
2463
2176
1873
1841
1934
1999
1702
1772
1938
1738
1552
1956
1821
1960
2120
2203
2106
2437
2455
2379
2070
2291
2093
2053
1936
1918
1665
1775
1526
1457
1637
1748
1738
1912
1990
1964
2348
2204
1953
2218
2291
2224
2140
2161
2130
2231
2084
2198
2239
1912
2208
2307
2205
2267
2308
2235
1803
1945
1697
1641
1711
1617
1728
1781
1941
2018
1968
1975
2006
2084
1993
2035
1937
2099
2213
2240
2074
2009
1761
2122
1846
1957
2156
2565
2409
2328
2478
2413
2215
2243
2294
2196
2135
1988
2129
2145
1937
1781
1801
1878
1648
1899
1746
1774
1752
1889
2144
2247
2288
2266
2254
1699
1659
1554
1493
1568
1658
1474
1814
1981
1864
2050
2268
2015
2148
2119
2067
1940
2060
1886
1934
1846
1762
1789
1810
1786
1736
1747
1769
2065
2141
2237
2152
2193
2416
2354
2496
2483
2435
2319
2123
2122
2099
2142
2047
2255
2385
2168
2128
2164
2025
2012
1971
1968
2067
2000
1964
2089
2160
2079
2068
1990
1846
1766
1900
2028
1949
1953
2178
2052
1775
1674
1932
1977
1858
2145
2185
2189
2171
2061
1973
2026
1906
1785
1695
1542
1913
1965
2145
2181
2124
1897
1867
2059
1851
1886
1859
2055
1815
1883
2019
1880
2271
2275
2140
2231
2362
2214
2257
2248
2368
2613
2397
2526
2548
2249
2080
2075
1957
1906
2101
2262
2362
2235
1960
2164
2200
2315
2290
1895
1974
2004
2116
1946
2084
2203
1989
1646
1602
1689
1736
1780
1792
1898
1764
1728
1860
1934
1880
1904
1644
2041
2489
2024
1935
1948
1957
2074
2214
2087
2415
2403
2395
2621
2456
2362
2654
2790
2708
2436
2619
2603
2288
2220
2355
2282
2392
2506
2234
2021
2226
2536
2246
2071
2350
2611
2230
2143
2060
1919
1863
1595
1590
1623
1984
2089
2145
2097
1805
1876
1917
1848
1680
1642
1589
1516
1455
1727
1799
1510
1753
2020
2109
1909
2270
2201
2126
1816
1809
1652
1840
1895
1768
1612
1844
2098
2190
1956
1843
1982
1986
1844
1873
2023
2106
1994
1814
1656
1715
1721
1848
1631
1863
1769
1641
2149
2257
2294
2336
2419
2279
2459
2443
2391
2559
2532
2337
2175
2445
2257
2144
1966
1818
1433
1757
1882
2056
1955
1841
1806
2022
1979
2062
1946
2124
2356
2186
2079
2281
2206
2205
2151
2304
2149
2315
2180
1904
1934
1957
2094
2056
2216
2268
2356
2260
2191
1964
2144
2308
2225
2047
2103
2101
2188
1945
1745
1862
2116
1852
1803
1781
1740
1484
1568
1819
1798
1848
1768
2094
2105
2063
2192
2536
2522
2776
2822
2676
2396
2630
2463
2348
2237
2060
2086
2171
2011
1966
2021
2090
2107
1959
2112
2223
2301
2136
2038
2248
2320
2196
1944
2139
2047
1719
1896
1664
1701
1560
1922
1989
1982
1763
1737
2070
2077
2056
2004
2122
2270
2418
2426
2260
2097
1894
1861
1409
1452
1547
1764
1571
1267
1522
1409
1701
1867
1921
1962
2133
2166
2116
2470
2406
2128
2097
2099
1996
1634
1711
1672
1739
1776
1801
1942
2154
2158
2256
2137
2231
2352
2460
2463
2454
2316
2142
1936
1751
1828
2018
2055
1923
1960
2060
2227
2000
2066
2009
1950
1976
1979
2041
2224
2425
1999
2121
1857
1849
1764
1861
2083
2236
2069
2230
2285
2159
2314
2231
2299
2237
2298
2187
2171
2086
2244
2290
2180
2177
1988
1795
1762
1772
1958
2085
2012
1779
1795
1868
1810
1902
1982
2339
2173
2171
2178
1949
2046
1962
2135
1913
1890
1944
1903
1866
1611
1748
2117
2043
1865
1713
1820
1844
2135
2326
2492
2663
2362
2574
2807
2702
2953
2866
2573
2425
2432
2148
2155
2214
2150
2074
1715
1749
1540
1533
1657
1997
1955
2076
2637
2451
2019
1895
2121
1914
1854
1719
1502
1414
1574
1521
1876
1725
1877
2156
2160
2046
2168
2334
2006
2134
2331
2639
2328
2303
2003
1829
1795
2001
1967
1959
1719
1710
1972
2266
1954
1879
1907
1946
1769
1865
1965
2133
2366
2368
2279
2045
2166
1950
1791
1769
1946
2122
2278
1941
1971
1940
2010
1857
1964
1927
2262
2518
2678
2816
2732
2412
2162
1967
1845
1658
1799
1742
1907
1940
1956
2219
2441
2399
2298
2116
2450
2355
2195
2274
2486
2152
2049
2020
1951
1784
1803
2040
2071
1939
1844
1740
1594
1689
1762
2036
1835
2194
2400
2153
2030
2083
1876
2118
2279
2110
1946
2007
1891
1890
1839
1770
2078
1928
2157
1938
2048
2216
2545
2313
2543
2589
2633
2377
2337
2370
2164
2208
2228
2063
2139
2106
1945
1692
1860
1757
1949
2110
2251
2238
2360
2090
2166
1903
2132
1998
2044
1858
1709
1851
1973
1958
2005
1985
1865
1761
2029
1888
2019
1967
2072
1878
2065
1816
1720
1744
2006
1902
1741
1968
1992
2090
2057
2103
2039
2067
1907
2047
2024
2084
2352
2041
1943
1974
2030
2058
2124
1973
2055
2065
1978
1825
1663
1469
1662
1731
1892
1622
1643
1876
1796
1839
1810
1839
2119
2321
2089
2147
2360
2348
2489
2117
1977
1945
1887
1873
1872
1853
1784
1827
1858
2089
2082
2175
2330
2290
2083
2181
2087
2117
1965
2083
2058
2063
2022
1897
2122
2079
2145
2290
2376
2300
2082
2287
2446
2315
2221
2305
2301
1909
1778
1838
1569
1730
1520
1610
1828
1943
1938
2063
2137
1748
1955
2045
1900
1918
1862
1798
1932
2262
2380
2326
2222
2132
2339
2461
2342
2268
2174
1998
2006
1990
1883
1777
1839
1677
1695
1758
1748
2061
2055
2082
1837
2053
1965
1996
1931
1833
1939
2054
2253
2187
1962
2159
2282
2333
2075
2176
1941
2027
1943
2010
1783
1821
1955
1864
1938
2102
2342
2189
2253
2150
2332
2302
2174
2168
2237
2159
2253
2286
2299
2205
2370
2084
2086
1847
1738
2047
2016
1979
1955
2022
1863
1558
1582
1668
1979
1913
2157
2231
2138
1939
2039
2159
2141
1964
2046
1973
2115
2146
1914
2042
2112
1895
2051
2279
2380
2480
2673
2602
2614
2161
2122
2050
1797
1752
1959
1884
2069
1947
1772
1723
1604
1676
1711
1765
1891
2060
2036
2108
2275
2108
2119
1902
2101
2050
2311
2173
2071
1988
1820
1881
1972
1739
1429
1604
1919
1892
2192
2036
1827
1691
1869
1993
2092
2264
1951
1916
1871
1724
1814
2320
2276
2226
2434
2360
2200
2459
2412
2192
2112
1827
1866
1897
1906
2100
2384
2364
2314
2380
2274
2213
2270
2183
2139
2227
2215
2188
2302
2358
2160
2244
2421
2583
2520
2329
2308
2228
2115
2105
2266
2303
2298
2307
2506
2574
2715
2546
2400
2260
2234
2216
2201
2431
2466
2393
2388
1976
1892
1940
2231
2312
2121
2231
2540
2836
2754
2534
2316
2111
1962
1873
1823
1754
1564
1626
1583
1348
1230
1420
1570
1678
1499
1365
1271
1524
1441
1411
1365
1257
1487
1477
1540
1376
1498
1653
1878
1928
2212
2175
1854
1931
2181
2223
2279
2210
2127
2333
2272
2338
2338
2386
2191
2124
2019
2131
1542
1477
1476
1733
1726
1907
1805
1593
1726
1754
1912
1872
1679
2101
2112
2116
2432
2525
2601
2347
2235
2006
2071
2039
2369
2456
2510
2680
2419
2307
2605
2531
2414
2332
2425
2550
2564
2239
2075
1982
1999
2164
2176
2056
1723
1643
1569
1591
1572
1637
1628
1675
1773
2026
2069
2278
2298
2285
2231
2307
2207
1996
1937
1760
1724
2000
2390
2497
2172
2277
2217
2350
2268
2227
2103
2019
2003
1924
1928
2056
2279
2393
2299
2231
2296
2252
2063
2028
1758
1559
1561
1733
1651
1883
1919
1915
1897
1884
1679
2106
2175
2340
2526
2746
2629
2859
2651
2082
2152
2114
1886
1694
1420
1279
1632
2040
1950
2014
2203
2151
2159
1875
1825
1761
1928
2096
1893
2061
2145
2048
2017
1987
2107
2030
2051
1987
2045
2055
2003
2133
2178
2124
1763
1771
2093
2035
2123
2148
2024
2008
2229
2069
2051
2095
1933
1807
1942
1690
1300
1661
1757
1811
2010
2010
2064
2517
2572
2278
2370
2658
2732
2471
2371
2351
2209
1969
1849
2142
2148
1939
1848
2095
1841
1710
1878
1917
1932
2232
2538
2440
2465
2248
2109
1982
1928
1858
1811
1692
1683
1990
1890
1794
1858
1698
1692
2060
2210
2534
2731
2512
2068
2133
2196
2325
2171
1769
1466
1798
1720
1801
1658
1759
1703
2051
2187
2255
2572
2310
2222
2220
2026
2051
2337
2306
2175
2116
2052
1982
2065
2170
2352
2300
1914
1875
1893
1677
1562
1536
1425
1644
1784
1790
1885
2267
2047
2071
1709
1734
1851
1565
1450
1553
1806
1805
1984
1994
2070
2145
2232
2149
2208
2339
2267
2141
2317
2382
2245
2201
2299
2314
2367
2216
2003
2056
2053
2344
2424
2525
2237
2218
2017
2138
2315
2089
1741
1783
1804
1648
1517
1754
1903
1788
1622
2016
1955
1815
1883
2096
1965
2304
2538
2225
2471
2438
2134
2125
2232
2222
2018
2027
2186
2497
2543
2393
2246
2129
2151
2128
2292
2554
2302
2215
2526
2318
2332
2196
2235
2297
2222
2174
2041
1946
1732
1802
2097
1966
2058
1882
2116
2018
1971
1934
1712
1862
1886
1934
2179
2167
1829
1857
2080
2029
1659
1135
946
1214
1588
1917
1825
1753
1703
1559
1565
1681
1699
1845
1788
1546
1544
1808
2003
2140
2183
2029
2149
2285
2116
1968
1858
1900
2191
2493
2438
2357
2356
2339
2350
2596
2795
2570
2349
2152
2024
2222
1960
1829
1764
1832
1982
2120
2218
2275
2311
2174
2418
2279
2341
2227
2234
2078
2068
1914
1746
1901
1977
2102
2279
2234
2202
2151
2256
2182
2060
2059
2040
1980
2021
1678
1830
1833
2021
1765
1833
1962
2029
2241
2331
2483
2323
2459
2268
2125
2315
2364
2327
2181
2161
1917
1890
1864
1783
1898
2204
2186
2045
1947
1861
1981
2318
2506
2219
2190
2088
2272
2315
2163
2173
2232
2184
1966
1804
1701
1685
1944
1813
1737
1935
1966
1814
2009
2114
1982
1892
2154
2173
2138
1876
1921
2143
2256
1945
1709
1806
1880
2164
1999
2049
1950
2287
2073
2107
2304
2454
2502
2343
2488
2278
2095
1822
2001
1833
1701
1593
1464
1340
1541
1722
1759
1860
1821
1701
1679
1799
1869
2004
1991
1966
2183
1846
1749
1819
1903
1768
1780
1659
1593
1759
1755
1854
1923
2039
1880
1778
2003
2215
2114
2348
2472
2435
2377
2501
2614
2402
2368
2244
2147
2056
1922
1773
2147
2165
2034
2238
2187
2071
2115
2209
2034
2075
2100
2004
2031
2042
2176
2209
2081
1448
1021
1197
1617
1723
1774
1999
1722
1441
1313
1447
1749
1987
2262
2213
2370
2563
2562
2227
2305
2128
2120
2373
2256
2102
2087
1933
2039
2141
2229
2164
2206
2221
2119
2298
2181
2174
2318
2337
2260
2374
2294
2043
2252
2334
2309
2388
2313
2363
2104
1934
1980
2041
2041
2144
2143
1813
1856
1763
1962
1739
2075
1842
1778
1859
2057
2087
1886
1988
1928
2109
2276
2456
2379
2127
2262
2283
2233
1958
1606
1930
1817
1832
2083
2097
2086
2266
2220
2305
2428
2230
1988
2053
2060
2242
2086
2036
2416
2580
2374
2225
2276
2090
1889
1880
2083
1911
1931
1871
1624
1653
1820
2073
2315
2433
2295
2497
2657
2467
2227
2026
2143
2236
2321
2298
2007
2009
2075
2210
2024
2229
2338
2419
2178
2376
2315
2045
1979
2071
1852
1785
1917
2067
2001
2001
1823
1596
1750
1631
1574
1542
1759
1897
1935
2003
2398
2613
2648
2579
2301
2387
2313
1845
1524
1797
1631
1891
1807
1950
2076
1972
2083
2230
2249
1856
1855
1940
1812
1840
1853
2078
1803
1925
2027
1948
1859
2093
2118
2074
2042
1996
1771
1855
1729
1626
1514
1511
1750
2093
2121
2149
2360
2105
2258
2321
2325
2413
2339
2384
2468
2459
2178
2160
2053
1925
1821
1825
1711
1491
1373
1715
1714
1638
1763
1805
1777
1900
2046
2053
2063
2079
2009
2172
2175
2300
2228
2005
2163
2115
2233
2374
2402
2181
2404
2410
2680
2859
2523
2309
2614
2807
2693
2776
2716
2506
2379
2177
2212
2101
1934
1736
1543
1460
1713
1895
1595
1508
1834
1708
1448
1457
1914
1957
1947
1929
1961
2011
2167
2438
2264
2009
2009
2147
2205
2097
2138
2168
2138
1892
1896
2364
2337
2015
1749
2105
2312
2133
1914
1898
1922
2128
2092
2079
1779
1612
1742
2050
1781
1558
1410
1537
1971
2256
2333
1868
1394
1500
1533
1769
1628
1478
1682
1964
2071
2176
2139
1912
1977
2285
2409
2443
2239
2237
2238
1966
2072
2081
1785
1537
1777
1820
1683
1834
1879
1985
1895
2123
1996
2225
2366
2466
2408
2425
2200
2060
2194
2151
2215
2136
2122
2094
2156
2167
2101
2229
1950
1962
1816
1837
1917
1772
1583
1515
1779
1781
2155
2306
2205
2050
1978
1956
2047
2393
2690
2473
2516
2226
2234
2407
2192
2134
2113
2279
2122
2144
2404
2574
3091
3238
2918
2359
2342
2368
2542
2106
1965
1766
1805
1702
1720
1790
1610
2092
2257
2193
2073
2343
2404
2425
2516
2530
2426
2307
2200
2096
1980
1741
1867
1847
1536
1592
1778
1927
1918
1983
1713
1678
1959
1718
1531
1542
1675
1869
2134
1939
1649
1549
1597
1672
2056
1840
1817
1626
1767
1946
2084
2323
2446
2344
1704
1783
1874
1938
2004
1722
1790
2079
1951
1751
1810
1955
2124
2281
2098
1955
1766
1698
2142
1986
1728
2195
2199
2040
1939
2198
2104
2206
2204
2321
1945
1788
1997
2168
1759
1836
1909
1938
2268
2216
1981
2189
2356
2000
1989
1709
1840
2281
2490
2439
2713
2798
2793
2625
2683
2495
2474
2179
2085
1987
1849
1851
1840
1878
2090
1970
2058
2259
2252
2366
2231
1990
1883
2031
1747
1728
1686
1560
1419
1637
1763
1952
1959
2020
2044
2145
1990
1661
1695
1914
2154
2166
2064
1642
1580
1728
1897
1864
1844
1833
2036
2239
2229
2331
2349
2397
2249
2112
2212
2320
2273
1997
2008
2258
2250
2208
2134
2364
2459
2269
2332
2335
2367
2217
2141
1878
1996
2139
2373
2165
2081
2090
2175
2027
2139
2001
2085
1994
1785
1968
1976
1898
1890
1961
1849
1910
1816
1812
1833
1927
1909
1939
1898
1984
1988
1950
2095
2039
2256
2254
2014
2130
2487
2442
2015
1992
2055
2110
1993
2114
2234
2309
2391
2586
2485
2308
1863
2072
2150
2239
2235
2002
1846
1994
2032
1978
1822
1583
1293
1463
1793
1957
1909
1987
1994
1983
2089
2129
1929
2075
2173
2281
2488
2318
2219
1991
2052
1795
1680
1545
1538
1676
1814
2181
2005
1911
1894
1934
2324
2655
2654
2509
2227
2139
2091
2202
2094
2305
2540
2130
1951
1957
2076
2133
1985
1855
1940
1979
2173
2371
2224
1836
1830
1849
2106
2062
1918
1697
1411
1531
2038
2146
2423
2535
2399
2290
2262
1885
1766
1779
1711
1687
1671
1719
1813
2041
1927
2087
2267
2351
2046
1880
1887
2375
2799
2989
2519
2295
2242
2170
2328
2231
2199
2105
2104
2011
2076
2079
1785
1908
1734
1808
2029
1986
1637
1771
1721
1484
1410
1498
1576
1828
1862
1837
1858
1975
1736
1882
2109
2462
2351
2281
2156
2140
2039
1662
1808
1882
1780
1663
1836
1679
1693
2050
2223
2146
2127
2341
2425
2388
2286
2317
2394
2386
2137
2138
2086
1998
2078
2278
2198
2241
2272
2012
1970
1865
1877
1761
1668
1864
2136
2029
2081
2371
2284
2382
2134
1949
2147
2271
2124
2188
2107
2179
2243
2317
2138
2330
2246
2112
1986
2131
2300
1877
1909
1872
1875
1801
1791
1883
1773
1929
1998
2158
2117
2167
2092
2056
2106
1893
2084
2242
2370
2395
2579
2385
2342
2331
2031
2124
1974
2017
2241
2341
1922
2055
2065
2029
2074
1843
1850
2092
1938
1880
1852
1928
1933
2051
1687
1819
1964
2126
2266
2025
2010
2088
1958
1870
1710
1593
1559
1836
1804
1915
1886
1943
2026
1754
2005
1950
2060
2118
2344
2218
2300
2244
2230
2163
2006
1555
1854
2070
2099
2095
2301
2220
1898
1959
1689
1790
1702
1644
1931
1992
1783
1628
1879
2064
2026
1945
1997
2102
2102
2333
2434
2344
2310
2269
2267
2314
2296
2284
2335
2363
2368
2301
2144
2333
2317
2311
2225
1970
2020
1991
1937
2020
2144
1945
2000
2051
2097
2391
2578
2287
2216
2093
2097
1838
1781
1891
2112
2035
1756
2021
2088
1887
1980
2200
2198
1829
1955
2121
2229
2307
2328
2128
1803
1708
1576
1438
1691
1769
1713
1788
1748
1962
1988
1945
1892
1954
1769
1954
1944
1781
1608
1428
1732
2244
2397
2334
2021
1955
2254
2515
2466
2566
2524
2441
2380
2296
2256
2457
2130
2184
2540
2556
2518
2307
2137
1941
2066
2064
2176
2222
2304
2342
2258
2176
2281
2206
1901
1835
2145
2152
2104
2124
2167
2208
2144
1843
1872
1808
1774
1949
2036
2220
2097
2066
1659
1532
1580
1510
1776
1852
1558
1538
1704
1745
1779
1929
1767
2055
2092
1911
2073
2196
1957
1982
1967
1642
1564
1501
1496
1749
1673
1328
1552
1743
1829
2283
2073
2140
2115
1999
1929
2007
2175
2113
2266
2237
2480
2481
2121
1911
1980
2275
2409
2355
2271
2193
1765
1860
1765
1649
1762
2059
1814
2014
2344
2655
2688
2640
2551
2730
2713
2564
2469
2404
2404
2368
2437
2583
2430
2514
2378
2054
1955
2100
1862
1659
1769
1838
2002
2046
2284
2263
2028
2151
2143
2048
2108
2102
1870
1793
1552
1582
1890
1887
1886
1698
1463
1722
1840
1789
1841
1824
1903
2001
1768
1692
2051
2169
2285
2397
2243
2306
2405
2380
2266
2233
2362
2338
2166
1922
1862
1795
1893
1995
2073
2136
2027
1948
1842
1887
1783
1718
1658
1626
1656
1666
1936
2195
2519
2809
2585
2224
2054
1957
1930
2063
2093
1859
1702
1603
1686
1905
1955
1684
1732
1745
1908
1745
1807
1836
2351
2015
1819
2044
2274
2354
2294
2184
1954
2116
2032
2058
2155
2068
1959
2163
2237
2371
2474
2238
2170
2139
2348
2381
2524
2384
2479
2634
2542
2435
2096
1973
2353
2113
1786
1657
2138
2157
2015
1826
1729
1908
2032
1964
2143
2571
2625
2136
1920
1679
1491
1441
1908
1916
2041
2078
2245
2142
2085
2480
2486
2373
2508
2154
1851
1729
1630
1329
1146
1353
1562
2052
1987
1856
1735
1922
2300
2367
2435
2476
2370
2129
1995
1994
1987
1766
1945
1821
2062
2129
2126
2128
2353
2299
2201
2154
2321
2442
2347
2115
1899
2003
1829
1639
1648
1860
1902
2008
2081
1937
1724
1466
1410
1692
1898
2153
2339
2128
2091
2301
2112
2000
2158
2119
2111
2003
2011
2242
2631
2890
2433
2351
2179
2444
2305
2460
2367
2354
2477
2711
2628
2382
2178
2067
2040
2196
1813
1871
2055
1682
1430
1605
1702
1635
1871
1919
1810
2028
1997
2200
2188
2211
2032
1679
1762
1720
1874
1830
1711
1574
1574
1914
2051
1863
1789
2009
2237
2091
2034
2286
2215
2272
1948
1607
1645
1628
1828
1867
1981
1880
2045
1890
2223
2131
2159
2017
2001
1709
1563
1724
1916
1960
1939
1903
2039
1904
2100
1898
1826
2209
2105
2353
2300
2406
2324
2302
2020
1877
1893
2037
1918
2034
1740
1754
1639
2198
2079
1810
1913
2191
1930
1820
1848
2002
2075
2145
1914
2223
2216
2247
2261
2124
2060
1911
1895
1891
1777
1925
2100
2183
2135
2296
2258
2136
2452
2275
2421
2635
2652
2716
2559
2554
2516
2553
2419
2381
2135
2083
2158
2230
1994
1953
1927
1851
1966
1871
1797
1812
1904
1801
2123
2211
2114
2086
2216
2203
2293
2389
2522
2156
1896
2108
2130
1766
1769
1959
1688
1687
1847
1865
1834
2167
2258
2222
2319
2321
2166
2588
2653
2610
2405
2350
2194
1906
1772
1644
1694
1757
1708
1698
1769
1727
1741
1874
1794
1786
1841
1706
1814
2070
2019
2303
2119
1838
2104
2242
2321
2532
2241
2002
1927
1852
1666
1643
1618
1775
1760
1438
1637
1785
1957
2009
1983
1896
1969
1985
2245
2475
2403
2147
2098
2363
2190
2064
2008
1964
2048
1811
1783
1579
1792
1878
1783
2144
2377
2282
2295
2039
2006
1876
2061
2050
2022
1863
1818
2070
1860
1963
1826
2052
2099
2051
2167
2307
2490
2623
2344
2077
2251
2285
2092
2156
2324
2511
2615
2343
2453
2365
2535
2452
2392
2112
2062
2185
2072
2006
2116
2157
2030
2141
2155
2154
2292
2300
2292
2443
2305
2073
2040
1790
1903
1817
1843
1639
1949
1917
1826
1851
2034
2045
2129
2069
1980
1740
1619
1842
1854
1847
1678
1750
1423
1615
1884
1876
1639
1648
1744
1901
2039
2123
2201
2301
2266
2206
2232
2201
2085
2156
2103
2153
2372
2525
2279
2186
2049
2055
2153
2106
2074
1990
2076
2050
2288
2161
2265
2034
2289
2302
2335
2253
2217
2009
1837
2148
2116
1993
1962
2088
2219
1917
1786
1684
1869
1877
1745
1625
1671
2022
1773
1761
1740
1831
1959
1753
1765
1675
1521
1434
1567
1615
1523
1847
1635
1770
1829
1558
1699
2055
1935
1950
2230
2313
2274
2027
2134
2302
2291
2144
2110
2033
1832
1760
1766
1881
1964
2150
2121
2206
2327
2430
2296
2231
2249
2284
2383
2352
2139
1978
2218
2509
2719
2641
2587
2451
2099
2162
2117
2030
1958
1967
1862
1919
2022
2242
2442
2381
2302
2251
2244
2419
2567
2587
2283
2151
2212
2079
2222
2468
2378
2004
2143
2138
2099
1902
1826
1784
1821
1868
1938
1791
1726
1951
1659
1988
2246
2255
2411
2237
2266
2364
2488
2048
2265
2200
1966
2108
2055
1852
1962
2011
2048
2127
2201
2152
2165
2063
2098
2422
2282
2266
2231
2398
2534
2402
2367
2251
1959
1596
1670
1706
1686
2012
1905
2204
2227
2316
2311
2229
2177
2067
2206
1829
1371
1088
973
1488
1649
1850
2186
2273
2040
1750
1870
1633
1948
2191
1907
1664
1849
2164
2044
2088
2060
2171
2099
2166
2127
2017
1743
1775
2053
2002
2223
2370
2605
2214
2121
2285
2420
2148
2269
2150
1948
1531
1366
1625
1519
1254
1365
1417
1460
1497
1619
1695
1883
2185
2364
2382
2188
1957
2100
2192
2143
2092
2233
2116
1964
2128
1944
1832
1846
2045
2289
2132
2134
2146
2153
1972
2063
2218
2129
2415
2419
2500
2384
2172
2262
2143
2186
2153
2332
2554
2502
2316
2241
2570
2538
2355
2128
2085
2093
2330
2688
2496
2216
2169
2207
2275
2589
2579
2362
2475
2010
1730
1430
1719
1825
1811
1606
1587
1755
1722
1759
1616
1787
2150
2341
2279
1902
1915
2018
1778
1613
1665
1815
1960
1831
1731
2014
2055
1967
2115
2187
2292
2191
2341
2192
1973
1886
2090
1942
1676
1635
1322
1221
1225
1362
1506
1350
1539
1774
1577
1750
1725
1954
2097
1853
2021
2220
2142
1928
2097
2000
2018
1993
1672
1730
1752
1844
2016
1849
1860
1958
1851
1826
1891
2230
2448
2311
2180
1854
1944
2256
2490
2361
2143
2004
1932
2176
2570
2611
2443
2430
2653
2219
1961
2071
2136
2318
2188
2087
2112
2305
2161
2105
2204
2092
1850
1942
2018
2052
2097
2057
1968
2022
2278
2071
1923
1895
1809
1884
2039
2093
2136
2110
2101
1895
2068
2141
2138
1967
2105
1969
1948
1785
1996
2071
2123
2307
2086
1950
1740
1947
1804
1860
1965
2094
2288
1894
2109
2154
2237
2232
2055
2124
2148
2322
2275
2358
2348
2488
2595
2467
2538
2217
2314
2054
1956
2376
2412
2034
2156
2076
1895
1890
1951
1767
2052
2042
2042
2147
1968
1960
1802
1845
2027
1708
1661
1708
1905
1829
1917
1788
1777
1948
2086
2256
2071
1997
2104
2282
2296
2330
2303
2108
2599
2770
2580
2652
2690
2335
1990
1968
1824
1893
1964
1929
1960
1777
1782
1940
2174
2150
2152
2060
2239
2133
2230
2284
2275
2123
2179
2203
1975
1974
2104
2270
2078
1944
2079
2312
2341
2256
2260
2169
2171
2360
2437
2372
2319
2517
2360
2347
2439
1978
1899
1843
2018
2010
2069
1861
2002
2088
1893
1823
1748
1775
1581
1511
1613
1837
2050
2313
2249
2127
2144
2351
2189
1858
1868
2193
2208
2083
2067
2114
1997
1870
1965
2009
1966
1673
1589
1808
1783
1895
1666
1489
1625
1996
1985
2029
2134
1983
2007
1918
1850
1736
1886
2113
2118
2077
2061
1837
1978
1932
1875
1933
1955
1945
2011
2147
1901
1717
2018
2594
2666
2330
2403
2216
1935
1972
1929
2119
2233
2373
2482
2444
2582
2452
2239
2272
2291
2175
1936
1956
2027
2004
1987
2159
1903
1708
2033
2174
1621
1444
1334
1298
1482
1516
1613
1328
1074
1208
1281
1069
1014
1352
1517
1291
1367
1664
1702
1664
1787
1883
1935
2093
2146
1759
1733
1808
2016
1989
2444
2426
2281
2077
1832
2045
2154
2199
2401
2386
2350
1987
1934
2044
2275
2557
2752
2847
2797
2828
2777
2183
2317
2365
2528
2553
2506
2283
2076
2294
2244
2386
2444
2328
2310
2339
2384
2301
2407
2457
2505
2611
2396
2508
2477
2414
2364
2082
2095
2094
2050
2280
2183
1932
1870
2126
2373
2813
2891
2953
2407
1663
1544
1458
1371
1466
1700
1625
1608
1683
1815
1963
1923
1670
1651
1962
1859
1790
1963
1786
1641
1384
1467
1613
1831
1662
1700
1630
1795
1693
1846
1894
2043
1896
1709
1548
1805
1727
1640
1519
1643
1778
1784
2002
1944
1902
1804
1821
1973
1770
2150
2282
2208
2072
1760
1662
1587
1895
2135
2345
2168
1851
1966
1918
2321
2377
2305
2150
2340
2389
2425
2197
2196
2155
2251
2175
2091
1941
1958
2109
2259
2570
2115
1964
2002
2297
2513
2458
2399
2421
2573
2855
2976
2631
2586
2749
2341
2143
2285
2184
2253
2256
2367
2385
2317
2338
1953
1788
1749
1797
1729
1766
2002
1979
2285
1921
2079
2123
2065
2071
1759
1502
1619
1867
1893
1977
1919
1840
2199
2281
2267
2108
2084
2076
2131
1962
1935
1897
2172
2239
2063
2073
2107
1924
1811
1873
2128
2029
2046
1925
1928
1589
1850
2110
2074
2172
2482
2545
2324
2239
1971
2094
2214
2071
1794
1817
1773
1564
1682
1713
1849
1823
1649
1889
1994
1622
1868
2203
2057
2115
2254
2115
2360
2445
2520
2331
2010
1703
1851
2062
2322
1847
1695
1971
2108
1858
2109
1984
2160
2275
2388
2248
2374
2313
1834
1727
1879
1849
1783
1826
1931
1876
2020
2091
2040
2055
1861
1907
1905
1789
1743
1841
2250
2338
1964
1874
2234
2228
1991
2198
2305
2029
1946
1894
1959
2091
1897
1984
2412
2296
2314
2452
2427
2584
2743
2433
2324
2306
2152
2143
2086
1987
1954
1919
1961
1982
1537
1301
1620
1897
1862
2121
2281
2263
2008
2016
2028
1933
1964
1975
1950
2058
2241
2212
2079
2270
2190
2026
2177
2079
2094
1952
1829
1844
1949
2013
1915
1972
1954
1981
1851
1996
2078
1989
2215
2444
2332
2208
2193
2055
1691
1676
1963
2304
2379
2529
2434
2281
2509
2703
2402
2183
2080
1803
1881
1674
1790
1925
2012
2030
1700
1748
1538
1696
1736
1933
1782
1600
1946
1891
1882
1774
2317
2273
2493
2451
2393
2308
2333
2371
2415
2499
2483
2455
2705
2455
2274
2066
2294
2273
2183
2334
2238
2429
2318
2563
2492
2347
2216
2133
2059
2019
2325
2234
2116
2077
2226
2103
1965
1823
1709
1983
1842
1807
1970
2033
2111
1982
1872
1901
2346
2218
2071
2071
2004
1987
1734
1639
1770
1812
1976
1747
1601
1601
1609
1494
1522
1718
1785
1998
1943
1980
2391
2440
2386
2272
2099
2067
1814
1528
1339
1328
1652
1797
1849
1952
1874
1949
1899
2153
1997
2008
1829
1996
2108
1956
2091
2081
2049
2389
2627
2675
2560
2202
2038
1851
1993
1796
1772
1917
1861
2044
2159
2332
2108
2060
2203
2182
1974
1986
2092
2015
1857
2035
2042
1995
2020
2026
2038
1996
2127
2273
2589
2415
2120
2080
2028
1792
1857
1826
1743
1647
1834
2014
2166
2110
2236
2296
2208
2472
2597
2487
2406
2179
2149
1883
1787
1627
1613
1402
1589
1825
2036
2133
2027
1906
1866
1874
2153
2245
2054
2173
2089
2144
2152
1883
1708
1826
1792
1619
1821
2004
2122
2010
1676
1637
1831
2016
1999
1838
2054
1882
1984
1895
2015
2310
2066
1794
1773
2056
1912
2044
2176
2011
1980
2216
2386
2459
2392
2352
2294
2277
1882
1711
1677
1880
2088
2054
1729
1641
1780
1814
2083
2528
2620
2204
1949
2011
1955
1913
1934
2193
2356
2243
2239
2380
2393
2402
2306
2188
2091
1994
1793
1673
1858
1799
1792
1934
1694
2046
2192
1777
1585
1835
1726
1848
2199
1999
2092
1836
1875
1745
1691
1445
1442
1451
1516
1555
1820
2210
2310
2230
2123
2118
1952
2256
2190
2413
2272
1933
2275
2340
2038
1910
1818
1731
1622
1708
1699
1776
2160
2273
2624
2564
2447
2193
2520
2792
2479
2486
2421
2282
2218
2015
2271
2121
2001
1989
1995
2220
2528
2482
2451
2546
2341
2201
2217
2092
2141
2316
2245
2175
2086
2287
2646
2492
2227
1885
1733
1843
2105
2122
2050
2215
2437
2572
2325
1636
1360
1442
1692
1365
1230
1243
1415
1480
1523
1485
1432
1437
1697
2059
2160
1971
1664
1850
2256
2695
2653
2557
2502
2547
2411
2330
2447
2579
2317
2328
2203
2117
2199
2425
2565
2795
2665
2267
2167
2335
2396
2507
2660
2594
2437
2274
2303
2122
2361
2374
2186
2032
2126
2014
2063
1840
1881
1739
1770
1857
1807
2003
2012
1976
1927
2015
2032
1977
2086
2064
2198
2274
2031
1953
1929
1871
1642
1473
1491
1499
1676
1704
1842
1803
1836
1980
1942
2119
2353
2338
2410
2415
2265
2340
2353
2128
1975
2093
1956
1893
1969
1985
2170
2134
2101
2150
2131
2045
2069
2135
2028
2165
2073
2009
1741
1933
2019
1821
1729
1802
1869
1747
1733
1639
1771
1922
1772
1892
2191
2209
2134
2088
2188
2304
2332
2206
2149
2001
2121
2278
2020
2165
2313
2389
2384
2239
2232
2271
2018
1862
2151
2241
2022
1883
1884
1943
2012
2052
1961
1917
1864
1738
1655
1735
1738
1708
1392
1703
1683
1498
1391
1565
1915
2051
1968
2095
2210
2218
2298
2331
2126
1826
1590
1763
2013
1990
2085
2265
2324
2414
2576
2419
2386
2452
2354
2278
2348
2298
2144
2081
2220
2081
2221
2315
2248
2258
2261
2146
1994
2320
2232
2379
2542
2497
2500
2311
2048
1867
1911
1631
1422
1457
1511
1383
1131
1292
1604
1721
1979
2130
1874
1962
2038
1963
1940
1972
1899
1875
2065
2257
2242
2253
2280
2322
1973
1871
2165
2266
1944
1861
2170
1936
1800
1791
2099
2049
2203
2295
2352
2258
2099
2173
2492
2686
2505
2329
2189
2236
2609
2409
2369
2544
2450
2113
1794
1930
2050
2064
1976
1757
1764
1446
1584
1525
1436
1977
2243
2157
1805
2030
1826
1750
1780
1961
1979
1810
1860
2173
2492
2392
2122
1850
2091
2064
2197
2238
2214
1985
2032
2090
1737
1813
1954
2111
2319
2299
2025
2006
1929
1429
1444
1440
1373
1496
1615
1658
2015
2136
1942
1735
1710
1908
2128
2306
2267
1994
2008
2062
2085
2323
2118
2326
2633
2738
2310
2430
2216
2285
2245
2357
2387
2220
2076
2207
2155
2147
2325
2267
2288
2232
2337
2330
2123
1939
2120
2220
2121
1972
1753
1730
1712
1650
1944
2003
2218
2230
2169
1995
2089
1841
2047
2301
2206
1997
1867
2139
1960
1632
1443
1504
1687
1841
2086
2085
2187
2016
1974
1855
1630
1958
2209
2234
2336
2393
2382
2202
2013
2056
2182
2162
2055
1920
1869
1933
2034
1878
1928
1806
1943
1891
1750
1821
1932
1792
1793
2103
2306
2225
2135
2074
2209
2062
2054
1896
1943
1853
1971
1895
2058
1989
2062
2047
2093
2182
2116
2209
2191
2132
2082
2328
2690
2515
2178
2130
2225
2322
2218
2177
2161
2331
2305
2150
2032
2005
2004
2016
2079
2108
2239
2159
2126
2109
1989
1979
2098
2154
2019
1986
1816
2015
2250
2452
2130
1734
1950
2292
2271
2452
2320
2165
2123
1950
1706
1542
1449
1215
1367
1278
1320
1623
1714
1922
2018
2098
2043
1850
1868
1933
1930
1972
1812
1801
2012
2118
2104
2101
2252
2189
2231
1859
2171
2193
2155
2591
2357
2399
2425
2559
2272
2281
2123
1773
1973
2057
2121
1984
2115
2311
2134
1893
1758
1404
1629
1956
2125
2125
2019
1888
1959
1789
1605
1568
1602
1855
2236
2386
2220
2198
2345
2710
2895
2496
2419
2296
2315
2148
2195
2202
1907
1930
2061
2197
2147
2216
2238
2267
2174
2362
2660
2440
2273
2348
2502
2269
2070
1834
1925
1883
1947
1897
1770
1798
1768
1808
1908
1780
1857
1926
2085
1895
1895
2012
1808
2000
2309
2440
2158
2047
2184
2108
2246
2095
1681
1457
1673
1677
1837
1829
1583
1677
1853
1630
1644
1772
1922
2311
2188
2196
2174
2208
2331
2381
2468
2477
2435
2455
2465
2456
2378
2459
2045
1927
2035
1976
1851
1877
2085
2050
1913
1923
1975
1993
2127
1936
1858
1829
1897
2193
2354
2231
1884
1691
1552
1600
1605
1478
1571
1731
1869
1850
1970
1762
1705
1885
2178
2278
2335
2210
2171
2332
2377
2423
2238
2210
2206
2173
2033
2173
1980
1869
2072
2230
2013
1916
2127
2197
2138
1941
1802
1725
1826
1944
2256
2440
2304
1938
1882
1901
1998
1946
1930
1769
1864
1874
1943
1608
1671
1914
1977
2021
2002
2078
2077
2291
2107
2131
2097
2015
2368
2501
2115
2001
2022
2079
2101
2093
2052
2038
2026
2068
2379
2265
2008
2021
2041
2260
2130
2134
2228
2305
2266
2201
2142
2225
2435
2469
2404
2229
2098
2092
1900
1777
2171
2065
2103
2281
2461
2362
2302
2018
1911
1789
1803
1895
1902
1829
1872
1829
1879
1899
1589
1585
1566
1499
1504
1604
1758
1867
1930
1998
2143
2044
1768
1827
1976
1965
1764
1783
1920
1920
1758
1902
1834
1781
1611
1413
1619
1919
2148
2290
2412
2378
2375
2122
2105
2361
2149
2192
2300
2254
2257
2455
2456
2432
2261
2427
2530
2397
2259
2199
2281
2533
2530
2299
2311
2297
2233
2335
1987
1634
1775
1881
2015
2060
1894
1862
2044
2332
2057
2069
2223
2081
2001
1807
1756
1490
1516
1411
1497
1595
1551
1674
1701
1771
1794
2141
2218
2335
2144
2081
2116
2384
2502
2613
2555
2406
2383
2220
2169
2301
2620
2351
2101
1939
2233
2209
2223
2257
2314
2059
2292
2067
1862
1633
1824
1923
2105
2118
2018
1989
1956
1873
2057
2212
2184
2085
2163
1972
1950
1877
1668
1616
1659
1697
2068
1975
1987
1785
2302
2338
2358
2064
2016
2013
2003
2042
1878
2108
2189
2291
2614
2363
2105
2083
1997
2174
1996
2290
2174
1892
1870
2191
2052
2077
2182
1935
1973
2445
2373
2402
2270
2167
2410
2662
2763
2471
2365
2366
2281
2043
1936
1979
2184
1985
1881
1712
2043
1892
1838
1996
2259
2037
1795
1925
1819
1960
2357
2126
1927
2094
2026
1961
1942
1754
1598
1869
1980
2005
2005
1926
2116
2070
2239
2320
2135
1978
2214
2145
2175
2364
2445
2537
2250
2094
1906
2019
2039
1928
1773
1490
1706
1915
2027
2088
1956
2030
1952
2152
1986
1556
1573
1460
1668
1672
1932
1868
1729
1843
1677
1786
1746
2042
1777
1537
1432
1621
2095
2246
2144
1983
2176
2393
2528
2436
2027
2071
1808
1777
1603
1340
1446
1642
1386
1430
1857
1949
1966
2049
2203
2313
2397
2323
2273
2163
2369
2183
2115
2147
2211
1963
2017
1948
2032
2103
2064
2168
2245
2265
2464
2157
2056
2189
2330
2352
2101
2113
1881
2222
2053
2062
2075
1756
1934
1978
1887
1816
1904
2050
2076
2134
1810
1823
1798
1961
2119
2124
2089
1998
1993
1967
1994
1961
2089
2026
1949
2115
2142
2100
1878
2087
2289
2411
2239
2085
2098
2334
2307
2187
2148
1914
1813
1835
1958
1762
1930
1964
1894
1775
1932
2020
2090
2082
2102
2237
2287
2405
2461
2580
2410
2365
2225
2463
2587
2413
2212
2123
2169
2251
2027
1625
1617
1920
1945
2121
1944
2040
2165
2319
2229
2407
2411
2511
2513
2279
1892
1766
1649
1458
1567
1787
1731
1951
2057
1846
1697
1997
1996
2066
2259
2179
2218
2237
2212
2196
2188
2042
2363
2529
1846
1904
2052
2363
2227
2282
1960
1825
1920
1794
2024
1992
1899
1693
1769
2037
2138
1993
2055
2191
2233
2382
2257
2150
2192
2097
1916
2118
2257
2058
1918
1958
2028
2143
2062
1891
1887
2259
2290
2246
2128
2059
1746
1694
1949
1812
1854
1638
1538
1595
1860
2005
1842
2049
2265
2492
2666
2479
2276
2057
2042
2092
1932
2093
1962
1909
1793
1780
1737
1825
1943
1932
2167
2166
2253
2558
2498
2384
2329
2145
2384
2397
2190
1800
2078
1927
1976
1926
1781
1676
1814
1783
1699
1812
1868
1935
2106
2302
2225
2296
2410
2392
2311
2210
2367
2099
1748
2027
2134
2077
1965
2079
1784
1976
1874
1625
1619
1868
2020
2305
2393
2158
2294
2141
2228
2186
2229
1987
1968
2097
2274
2105
1808
1791
1753
1709
1597
1548
1558
1791
1784
1779
2098
2391
2464
2299
2185
1963
1953
1958
1973
2120
2295
1997
1914
1853
1759
1778
2212
2088
1894
1958
1664
1646
1778
1812
1751
1741
2010
2133
2292
2199
2048
1770
1719
1799
1957
1773
1756
1670
1485
1596
1636
1738
1801
1984
1887
1915
2075
2006
2416
2571
2441
2423
2687
2604
2469
2531
2486
2373
2336
2476
2350
2110
2283
2515
2355
2135
2028
1929
1965
2126
2189
2408
2277
2335
2542
2442
2346
1968
1899
1958
2173
2264
2324
2243
1822
1682
1693
2067
2143
1918
1868
1878
1634
1670
1504
1793
1778
1757
2025
2211
2420
2332
2250
2077
2029
1944
1702
1724
1622
1727
1635
1605
1765
2076
2128
1997
2005
1936
2004
1962
2209
2123
2216
2156
2367
2536
2616
2574
2391
2638
2471
2083
1954
2188
2278
2102
2176
2084
2258
2057
1757
1949
1919
1865
1980
2112
2168
2348
2141
1963
1947
1528
1555
1543
1780
1838
1823
1980
2080
1964
1842
2022
2096
2026
1857
1755
1933
1839
1908
1870
1746
1773
1729
2086
2314
2454
2270
2446
2321
2163
2368
2332
2306
2193
2106
1988
1986
1999
2020
1988
2000
2032
2222
2337
2103
2123
2084
2067
2095
1976
2079
2185
2340
2449
2451
2285
2341
2198
2079
2204
2276
2156
2027
2040
1906
2085
1897
1960
1938
1682
1737
1827
1721
1307
1362
1305
1320
1159
1087
1383
1417
1658
1872
1832
2090
2042
2004
2052
2141
2144
2335
2477
2379
2321
2157
1859
1983
2272
2544
2452
2432
2008
1705
1998
2272
1869
1862
2130
2133
2298
2045
2025
2129
1960
2201
2464
2290
2408
2485
1931
1672
2064
2057
2209
2147
2096
2401
2648
2580
2661
2567
2652
2495
2358
2336
2308
2363
2371
2306
2281
2238
2590
2431
2198
2208
2181
2078
2186
2389
2224
2141
2056
2207
2444
2260
2444
2536
2499
2252
2142
2248
2487
2429
2141
1802
1699
1667
1999
1798
1755
1858
1911
1561
1281
1316
1370
1551
1723
1631
1840
1683
1457
1558
1534
1690
1717
2036
1978
1951
2204
2242
2254
2043
2042
1717
1686
1703
1714
1920
1978
2143
1907
1953
2152
2190
2119
2125
1870
2008
1968
1856
1843
2030
1964
2015
2004
1921
2090
2151
2261
2596
2357
2170
2245
2332
2192
2061
2032
2022
2191
2084
1948
2181
1996
2151
1965
2208
2314
2117
2148
2015
2293
2256
2106
2066
2271
2349
2047
2193
2240
2035
1938
1969
2028
2069
2010
2080
1888
2020
1825
2032
1940
1810
1599
1680
1780
1902
2007
1961
1924
2071
2151
1926
1704
1952
1977
1839
1819
1706
1626
1522
1562
1726
1849
1748
1906
1872
1797
1919
2011
2012
2024
1946
2052
2218
2260
2384
2431
2456
2429
2263
2168
2346
1952
1915
2142
2481
2284
2298
2203
2178
2405
2223
2260
2124
2317
2234
2316
2066
1855
2111
2005
1959
1919
2035
1950
2098
2058
2202
2272
2174
2172
2052
2245
2202
2283
2291
2318
2162
2189
2333
2492
2579
2225
2126
1997
1807
1840
1921
2110
2225
2373
2351
2309
2232
2096
2141
2190
2242
2257
2286
2214
1979
1754
1591
1626
1743
1913
1834
1968
1921
2111
2180
2187
2095
2271
2064
2094
2405
2350
2179
2017
1975
1961
1956
2004
2041
1831
1695
1737
1738
1620
1824
1768
1877
2150
2068
2019
1765
2007
2148
1973
2088
1948
2227
2045
2247
2524
2604
2460
2148
2260
2002
1974
1588
1787
1767
1723
1248
1302
1613
1877
2005
2212
2216
2245
2205
2391
2500
2153
2238
2290
2326
2214
2242
1944
1708
1726
1801
1710
1594
1559
1686
1590
1586
1568
1468
1631
1868
1863
1807
1868
1802
2003
2186
1835
2172
2308
2283
2235
2415
2379
2498
2361
2371
2272
2183
1630
1640
1616
1618
1650
1806
1898
1549
1450
1812
2120
2079
2226
2287
2270
2109
1955
2146
2071
1905
1945
1684
1441
1675
1751
1681
1796
1824
2032
2300
2128
1868
1885
1884
2246
2482
2350
2342
2397
2401
2476
2512
2502
2167
2022
1653
1478
1535
1791
1616
1661
1825
1839
1855
1741
1813
2316
2423
2458
2765
2641
2365
2681
2695
2333
2535
2449
2349
2125
2134
2147
2297
2223
2125
2080
2150
2181
2054
2225
1991
1940
1833
1835
1728
1880
2090
2068
1968
1799
1956
2011
1670
1934
2151
2142
2012
1822
2029
1778
1882
1923
2112
1986
1671
1630
1829
1876
1997
2083
2300
2346
2623
2651
2732
2707
2706
2784
2388
1979
2178
2117
2020
2112
2010
1960
2066
2071
1937
2210
2301
1966
1884
1809
1685
1787
1971
1982
1768
1908
1825
2162
2308
2474
2400
2215
2254
2358
2313
2161
2004
1602
1484
1681
1585
1688
2094
2150
2049
2189
2416
2490
2668
2638
2642
2441
2295
2220
2204
2145
1969
1801
1951
1758
1710
1774
1825
1784
1703
1921
1803
2177
2272
2254
2295
2391
2589
2267
2292
2145
2312
2364
2233
2000
2062
2053
1953
1860
1845
1861
1905
1831
1830
1654
1920
1911
1729
1711
1712
1802
1664
1846
1814
1958
1689
1924
2244
2271
2185
2179
2256
2358
2117
2102
2055
2060
2061
2127
1969
2186
2382
2121
2102
1894
2090
2042
2266
2008
1867
1658
1737
1914
1931
1986
2190
1993
2038
2030
2165
1959
1871
1833
1935
1903
2053
2125
1917
1965
2315
2404
2501
2423
2276
2074
1963
1889
1868
1822
1656
1791
1895
1864
1848
1985
2133
2044
1730
1959
1824
1889
2073
2072
2086
1931
2191
2188
2071
2198
2399
2176
1988
2230
2025
2097
2004
1868
1953
2114
1673
1860
2018
2522
2670
2585
2314
2356
2553
2342
2302
2033
2140
2239
2151
2307
2048
2030
1764
1796
1663
1531
1464
1423
1418
1152
1215
1435
1545
1722
1854
2187
2424
2299
2359
2327
2004
1770
1761
1726
1814
2127
1876
2009
2006
1932
1890
2053
2195
2105
2165
2324
2336
2141
2329
2480
2374
2568
2227
2019
2200
1959
1994
2278
2356
2008
2202
2302
1909
1744
1647
1661
1971
2129
2012
1952
1796
1762
1742
1765
1619
1997
2108
2190
2100
2105
2423
2177
1919
1768
1768
1657
2008
2433
2418
2260
2367
2246
2348
2399
2169
2125
1900
1822
2206
2238
2281
2390
2229
2332
2499
2460
2343
2069
1768
2181
2255
2141
2163
2024
2097
2273
2116
2335
2656
2418
2109
2145
2387
2384
2411
2090
2107
2042
2051
2103
2025
2034
1985
2234
2082
2030
2230
2159
2139
2207
2199
1912
1790
1737
1848
1971
1820
1905
1902
2092
2138
2142
2096
2249
2154
2344
2380
1949
1840
1875
1902
1741
1992
2158
2434
2392
2070
1952
2119
1928
1488
1454
1176
1049
1264
1516
1598
1874
1872
1868
1682
1555
1883
1617
1831
1845
1702
1807
2330
2606
2758
2732
2203
2095
2045
2061
2405
2420
2332
2206
2169
2145
2191
2366
2303
2226
1915
2007
2152
2212
2263
2162
2075
1997
2080
2036
2095
2342
2040
2096
2302
2059
2212
2212
2186
2117
2299
2176
2161
2480
2422
2602
2000
1870
1972
2116
2164
2131
1719
1846
2182
2265
2158
2267
2108
1886
1970
2035
1993
2019
2009
1874
1808
1790
1826
1858
1753
1626
1604
1727
1946
1993
1621
1596
1691
1819
1805
1915
2023
2094
2007
2064
2265
2530
2361
2513
2528
2419
2320
2272
2294
2265
2161
1786
1867
1987
1983
2094
2088
2130
2246
1992
1824
1930
2146
1951
2088
1912
1958
1871
1770
1853
1756
1337
1427
1799
1927
1825
1968
1908
2020
2083
1982
1888
1931
1897
1833
1848
1800
1719
1924
2031
2051
1941
1960
1964
1826
1806
1898
1948
2102
2104
2197
2182
2144
2160
2080
2204
1899
2028
2081
2323
2057
1713
2162
2114
2044
1848
1858
1777
1986
2418
2343
2190
2008
2339
2327
2359
2361
2450
2431
2335
2452
2650
2782
2553
2617
2731
2472
2049
1909
2098
2265
2353
2104
1811
1743
1936
2359
2219
1894
1854
1903
2295
2150
1760
1782
2160
2021
2046
2194
1740
1653
1697
1764
1732
1649
1472
1571
1729
1598
1582
1621
1925
1887
2146
2119
2075
1956
2074
2207
2307
2413
2377
2264
2335
2124
2205
2003
1820
1687
1654
1785
1718
1720
1759
1787
1809
1958
2313
2349
2309
2206
2159
2217
2294
2210
2220
2326
2413
2209
2199
2436
2304
2061
2219
2210
2244
2187
2316
2179
2536
2574
2481
2688
2249
2244
2244
2092
1656
1644
1959
1987
2143
2195
2366
2141
2000
1931
2064
2195
2266
2119
2207
2091
1948
2024
1841
2054
1849
1916
2258
2421
2156
2038
2208
2379
2469
2458
2709
2795
2399
2118
1960
1852
1979
1893
1822
1651
1468
1606
1957
1874
1779
1889
2228
1885
1748
1468
1490
1479
1561
1712
1608
1953
2091
1999
1919
2004
2021
1908
2161
2114
1985
1571
1519
1505
1406
1524
1518
1650
1719
1719
1616
1666
1719
1879
2125
2335
2488
2401
2306
2187
1836
1850
2075
2169
2117
2075
2005
1884
1824
1778
1874
2108
2239
2092
2068
2213
2214
2037
2118
2110
2071
1910
2070
2093
2014
2034
2224
2302
2534
2461
2514
2575
2772
2554
2367
2318
2095
2073
1988
1802
1732
1790
1800
1815
1930
1948
1614
1749
1794
1994
1954
2002
1979
1967
1872
2198
2286
2052
2024
2128
2055
2064
2057
2218
2319
2204
2181
2154
2187
2169
1950
1794
1784
1622
1452
1723
1792
1881
1802
1931
2101
1935
1866
1874
1872
1867
1653
1679
1838
2100
2074
1891
1795
1962
1870
1903
2362
2556
2473
2205
2222
2137
2301
2260
2305
2407
2521
2518
2478
2542
2584
2627
2904
2724
2179
2261
2218
2273
2464
2674
2624
2239
2190
2314
2469
2369
2588
2336
1863
1682
1691
1684
1713
1761
1847
1979
1974
2012
1951
1710
1757
1948
2013
1936
1858
1641
1600
1843
1899
1938
2224
2328
2165
1847
2147
2434
2410
2187
2217
2336
2057
1809
1511
1310
1615
1788
1941
1877
2117
2129
2044
1998
2179
2104
2101
1949
1921
1714
1846
1686
1702
1449
1592
1717
1805
1983
1968
2002
2018
2318
2142
1912
2093
2197
2195
2218
2429
2307
2527
2539
2437
2270
2143
2111
2186
2090
2021
2143
2155
2240
2100
1934
1965
1801
1924
1858
2063
1833
1691
1608
1750
1805
1997
2098
2032
2082
2171
1984
2048
2028
1942
1967
2071
2114
1934
1827
1931
2267
2329
2454
2648
2474
2468
2356
2161
2192
2143
2520
2447
2614
2337
2071
1818
1942
2089
1798
1959
1860
1663
1559
1486
1847
2033
2022
2338
2529
2533
2276
2268
2477
2561
2374
2031
2089
1993
1809
1869
2059
2177
2037
1671
1862
1795
2245
1975
1587
1320
1661
1841
1985
1878
1867
2016
2184
2099
2019
1722
1610
1661
1502
1600
1606
1502
1743
2012
2057
2198
1999
2145
2142
2315
2371
2447
2596
2474
2320
2125
2322
2314
2239
2039
1908
2238
2266
2298
2246
1748
1753
1832
2037
1808
1723
1888
1998
1691
1581
1878
2330
2335
2334
2273
2208
2168
2157
2651
2607
2344
2024
1868
1943
1879
1848
1773
1708
2086
2059
2252
2383
2094
2204
2171
2079
1828
2044
1781
1893
1781
1610
1700
1866
1893
1969
1954
1882
1890
1715
1714
1634
1628
2251
2265
2212
2282
2306
1870
1622
1903
2034
2126
2033
1875
1881
1640
1614
1761
1968
1884
2131
2123
1966
2183
2419
2292
2553
2403
2316
2632
2800
2432
2126
1850
2079
2094
2193
2024
1994
1718
1867
2046
2131
2497
2690
2737
2633
2573
2714
2456
2474
2568
2544
2355
1751
1638
1498
1531
1421
1540
1706
1640
2009
1799
2054
2124
2010
2171
2270
2093
2163
2269
2146
2157
1844
1739
1997
2091
1905
1966
1949
2005
2142
2139
2155
2110
2164
2259
2281
2501
2506
2674
2589
2746
2727
2535
2341
2433
2283
2068
2038
2064
1983
2213
2100
2041
1946
1945
2147
2296
2151
2101
2236
2016
2020
2357
2337
2155
2023
2108
2124
1974
2099
2064
1840
1878
1962
1987
2036
2204
1786
1976
2221
1945
1832
1806
1886
1787
1813
1751
2048
1927
1810
1550
1377
1517
1790
1812
1669
1751
1480
1481
1688
1587
1558
1768
1726
1503
1677
2004
2169
2110
2042
2126
1787
1674
1759
1869
1775
1879
1792
1744
1807
1723
1806
1541
1770
2072
2215
2221
2173
2025
1885
1866
1784
1810
1671
1766
1655
1681
1967
2199
2001
1864
1840
1920
2239
2072
1851
1746
1673
1951
1908
2025
2389
2282
2322
2327
2116
1620
1860
2349
2083
2153
2105
2215
2279
2297
2484
2544
2683
2744
2647
2551
2385
2548
2413
2203
2477
2291
2121
2111
2007
1925
2251
2265
2162
2253
2434
2347
2449
2450
2483
2510
2270
2033
2057
2323
2210
2127
1973
2036
2149
2122
2169
2367
2091
2166
2135
1838
1724
1788
1977
2070
2098
1931
1796
1748
1783
2080
2310
2178
2186
2161
2348
2051
2176
2299
2319
2186
2112
2176
2405
2219
1957
1983
2214
2094
1833
1893
2189
1903
1980
2103
2032
1958
2206
1852
1617
1683
1756
1788
1575
1780
1901
1789
1992
2050
1894
1850
1835
1932
1864
1972
1883
1781
1624
1855
1999
1905
1950
1849
2178
2421
2160
2282
2196
2159
2101
2432
2507
2431
2187
2038
2089
2180
2153
2153
1838
1826
1940
1885
2008
1978
2068
1793
1722
2159
2316
2421
2264
2362
2258
2339
2367
2155
2074
2128
2308
2218
2202
2131
1839
1992
2079
1944
1965
2031
2158
2135
1949
2030
2159
2018
1885
1932
1863
1961
2068
1942
1555
1783
1958
1906
2169
2393
2419
2283
2336
2362
2364
2110
1976
2109
2184
1930
1861
1817
1698
1739
2022
2133
2112
2045
2225
2373
2408
2444
2279
2397
2042
1771
1771
1943
2217
1948
1975
2056
2178
1988
2117
2164
2232
2243
2174
2214
2075
2096
1930
2153
2334
2286
2245
2369
2132
1923
1888
1893
1808
1870
1897
2005
2323
2291
2344
2063
1878
1957
1935
2168
2107
2307
2290
2373
2358
2107
2306
1932
2033
1665
1731
1689
1846
1744
1983
2114
2108
2270
2248
2362
2160
2084
1943
1840
1542
1625
1737
1651
1823
1478
1916
1773
1734
1716
1850
1622
1698
1803
1478
1682
1556
1446
1422
1518
1346
1592
1797
2013
2025
2195
2151
2221
2422
2550
2216
2237
1889
1709
1718
1769
1681
1301
1810
1742
1663
1854
2313
2124
2081
1981
2161
2289
2347
1997
2136
2215
2238
2258
2147
2242
2134
1837
1701
1546
1611
1609
1658
1730
1852
2314
2196
2276
2169
1995
2195
2242
2353
2176
2166
1898
2067
1880
1871
1952
1990
1907
1880
1982
1945
2272
1990
2153
2474
2458
2452
2523
2521
2202
1967
2090
2167
2210
2065
1880
1792
2011
2289
2286
2334
2363
2169
2438
2558
2489
2400
2447
2475
2229
2165
2206
2022
2000
1978
1846
1754
1847
1942
1867
1962
2028
2110
2462
2384
2271
2237
2471
2146
2322
2316
2326
2224
2161
2037
1953
1938
1897
2033
1920
1647
1570
1777
2186
2288
2049
2117
2292
2353
2255
2244
2022
1983
1999
1791
1807
1786
1851
2050
2027
2109
1942
1985
1874
2102
2180
1877
1795
2212
2501
2523
2519
2439
1888
2045
1980
1887
1934
1739
1867
1861
2044
1890
1948
1818
2337
2572
2415
2132
2045
1945
2278
2088
1980
1918
1840
1909
2131
2094
2046
2220
2249
1965
2225
2295
2609
2538
2495
2327
2260
2433
2276
2492
2266
2156
1821
1828
1956
2140
1863
1540
1594
1890
1904
2109
2070
2104
2097
2161
2157
2150
2107
1912
1752
2115
1873
2096
2089
2030
1879
2000
2177
2045
1934
1818
1681
1422
1762
1882
2004
1849
1929
2137
2256
2228
2010
2016
1863
2188
2023
2123
2206
2201
1813
1815
1807
1849
1539
1260
1260
1415
1483
1475
1662
1829
1938
2149
2171
2187
2278
2460
2629
2441
2182
2267
2185
1982
1781
1825
1644
1733
1830
1948
2083
2034
2127
2506
2636
2617
2321
2630
1966
2149
2081
2060
1973
2021
1804
1678
1786
1721
1767
1736
1783
2079
2039
2058
2087
2221
2314
2275
2064
2080
2008
1811
2166
2167
2085
2002
2480
2466
2553
2550
2567
2611
2666
2507
2522
2556
2065
1615
1465
1469
1722
1659
1780
1889
2083
2194
2380
2476
2328
2301
2310
2429
2061
1812
1966
2064
1848
1568
1258
1180
1376
1437
1279
1829
2008
2372
2438
2867
2799
2735
2638
2994
2852
2593
2457
2265
2231
1719
1630
1848
1930
1678
1801
1849
1789
1928
2010
1985
2257
2309
2249
2377
2400
2445
2197
2089
1785
1685
1574
1673
1469
1535
1645
1616
1837
1769
1789
1558
2031
2034
2157
1991
1965
2181
2085
2173
2141
2091
1773
1969
1959
1799
1586
1727
1857
2280
2199
1966
2006
2108
2116
2062
2127
1903
2111
2274
2371
2381
2351
2242
2039
2022
1817
1795
1882
2030
1952
2213
2248
2198
2361
2422
2344
2444
2582
2358
2497
2302
2080
2127
1846
1919
1884
2223
2413
2417
2197
2026
1930
1982
2078
1787
1559
1872
1989
2058
2263
2338
2119
1981
1871
1741
1650
1657
1692
1853
1801
1721
1736
1895
2172
2385
2562
2576
2436
2145
2407
2396
2018
1784
1757
1759
1750
1684
1631
1897
1801
1590
1852
1849
2090
2285
2151
2064
2152
2185
2252
2427
2460
2494
2688
2383
2000
2261
2310
2030
1954
2056
1879
1757
1893
2048
2155
2126
2277
2277
2138
2131
2144
2015
2033
1964
2128
1931
2082
2010
2013
1763
1944
1899
1845
1998
2031
2024
1918
1847
1621
1980
2118
1831
1694
2035
2037
2078
1966
1936
1923
1779
1967
2029
2182
2086
2088
1827
1803
1919
1909
1941
1960
1975
2151
2025
2010
1702
1879
1868
2050
2068
2066
1904
1674
1919
1948
1843
1893
2008
2149
2137
1962
1681
1742
1660
1735
1984
1714
1613
1878
1988
1919
2121
2227
2269
2304
2404
2370
2072
2251
2345
2190
1963
2045
2043
1840
1862
1841
2020
1961
2178
2184
2029
2131
1955
2240
2270
2330
2149
2191
2303
2279
2407
2445
2424
2011
1863
2004
2177
2143
2017
1945
2201
2281
2357
2298
2455
2673
2316
2186
2249
2170
2005
2231
2476
2601
2465
2170
2178
2241
1929
2072
2195
2145
1937
2087
2120
2316
2263
2220
2182
1927
2202
2404
2300
2079
2004
1599
1867
1843
1961
2009
1983
2007
2055
2024
1902
2071
1974
2165
2387
2288
2246
2084
2276
2044
1968
1865
1753
1865
2108
1746
1474
1748
1929
1928
1799
1676
1633
1962
1968
2384
2577
2445
2286
1986
2058
2196
2042
1724
1772
1834
1845
2167
2001
1962
2085
2189
2206
2437
2456
2251
2204
2638
2690
2453
2265
2169
2193
2311
2182
2218
2003
1944
1639
2032
2057
2000
1945
2190
2338
2054
2077
2011
2371
2289
2274
2433
1892
1838
1591
1710
1540
1599
1441
1348
1266
1837
1809
1888
1708
1830
1907
2177
2000
1978
2406
2112
2041
1900
1651
1632
1570
1267
1091
1492
1341
1391
1574
1815
1967
2011
2025
2223
2205
2230
2279
2163
2077
2034
1920
2140
2229
2088
2461
2650
2321
2490
2519
2536
2450
2544
2646
2521
2358
2188
2256
1754
1841
1622
1550
1622
1577
1756
1768
1873
1878
1981
1908
2365
2453
2342
2544
2796
2632
2378
2319
1954
1677
1764
2007
1824
1853
2040
2126
2327
2282
2324
2106
2314
2571
2623
2416
2157
1761
1869
1639
1797
1711
1915
2012
2200
2133
2201
2300
1950
2413
2487
2235
2344
2352
2176
2166
2014
1624
1649
2001
1757
1768
1910
1907
1592
1915
2038
1921
2161
2357
2181
1989
2011
2048
1808
1826
1720
1611
1741
2070
2349
2404
2476
2212
2166
2212
2330
2648
2598
2589
2199
1787
1634
1490
1212
1478
1694
1805
1727
1538
1551
2014
2080
1928
1970
2104
2065
1941
1938
1749
2038
1946
1754
1651
1829
2089
1973
2093
1990
1989
1956
2032
1889
2047
2154
2332
2081
2051
2082
1965
1884
1681
1522
1870
2076
2169
2108
2372
2593
2234
2391
2279
2553
2711
2661
2507
2637
2641
2344
1944
1747
1675
1705
1901
1873
2056
2083
2031
1936
2007
2096
2078
2368
2338
2348
2515
2444
2398
2203
2167
2244
2089
1871
1797
1692
1702
1906
1893
1802
1872
1794
1837
2141
2211
2373
2116
1969
2107
2251
2008
1948
1997
1939
1801
1539
1793
1980
2098
2103
2113
1928
2153
2579
2414
2271
2327
2241
2085
2170
2061
2070
2012
1857
1733
1733
1915
1736
1772
1796
1817
1787
2020
2102
2066
2085
2118
2166
2089
2045
1929
2007
1988
1993
2014
2052
2084
1900
1936
2033
2085
1923
1979
1900
2026
1935
2025
1970
2194
1974
1574
1468
1656
1582
1659
1831
2083
2060
2224
2027
2171
2108
1983
2033
1839
2181
2229
2283
2223
1967
1791
1950
2114
2113
2401
2405
2141
2111
2001
2160
2191
1986
2026
2131
2153
2059
2185
2250
2180
2106
1935
1833
1709
1652
1666
1560
1261
1260
1526
1633
1893
1982
2082
2103
2526
2681
2685
2667
2404
2371
2515
2551
2205
1974
1908
1745
1624
1653
1837
1928
1983
2010
2049
1849
2038
2162
2094
1980
1933
2179
2552
2398
2272
2090
1836
1897
2086
2483
2364
2069
2033
2095
1934
1914
2238
2111
2197
2196
2159
2150
1980
2021
2057
2035
2294
2221
2314
2237
2405
2249
2369
2528
2134
2268
2322
2388
2183
1975
2033
1674
1971
2084
1756
1868
2291
2415
2263
2254
2135
2498
2691
2511
2660
2636
2277
2278
2354
1984
2035
2034
1992
1787
1591
1606
1520
1907
1985
1902
1861
2079
2189
2263
2193
2080
1981
1927
2010
1883
2058
1979
1983
1938
1954
2004
2087
2061
2160
2390
2277
2295
2250
2227
2240
2156
2024
1868
1923
1778
1825
1927
1863
1629
1846
1808
1592
1671
1764
1694
1833
2112
1768
1927
1963
2134
2256
2265
2225
2391
2337
2197
1980
1983
1989
2057
2037
2196
2099
1978
2120
2122
2152
2066
2038
2194
2167
2425
2433
2433
2239
2304
2123
2066
1902
1700
1991
2106
2013
1961
2052
1881
1597
1735
1992
1662
1679
1905
1915
1825
2034
2073
2100
1941
1925
2023
2199
1905
2068
2108
2072
1872
1774
1682
1808
1971
1898
1801
1805
1812
2021
2007
2285
2008
2146
1967
2200
2047
1982
2045
1993
2082
1814
2007
2019
1954
1760
2260
2051
2004
2164
2304
2251
2539
2449
2421
2291
2155
2166
2359
2100
1782
1809
1640
1680
1913
2091
2237
2234
2210
2221
2005
1961
2192
2101
1741
1758
1764
1733
1887
2037
1896
2049
2068
2076
2275
2373
2149
2123
2501
2328
2306
2407
2377
2246
2127
2005
1849
1829
1896
1784
1667
1777
1862
1673
1927
2188
2122
2054
2257
2199
2154
2060
2362
2312
2532
2345
2379
2100
1917
1666
1942
2024
1875
1958
2099
1875
2120
2205
2554
2392
2234
2316
2226
2106
1854
1744
1585
1519
1740
1757
1751
1734
1953
1986
1998
2221
2106
2101
2296
2170
2395
2359
2399
2149
2185
1902
1956
2000
1989
1919
1964
1972
2065
2124
2018
1995
2087
2255
2193
2183
2043
2045
1975
1922
1958
1898
1865
1860
1998
2162
2307
2119
2009
2042
2103
2148
2210
2049
1843
1840
1876
1843
1914
2078
1873
1827
1836
1987
1984
2017
2157
2257
2255
2073
2507
2407
2173
1945
1653
1644
1564
1553
1500
1593
1951
2167
2168
2100
2494
2484
2302
2505
2223
2197
2352
2456
1947
1649
1865
2031
1740
1712
1713
2021
1990
2194
1958
1899
1949
1974
1916
1844
1983
2153
2351
2401
2120
2245
2008
1928
1660
1735
1630
1917
1899
1882
2194
2476
2447
2355
2407
2348
2344
2252
2039
1883
1861
1779
1841
1844
1879
2014
1983
1991
2142
2104
2120
2216
2141
1959
2143
1825
1783
1884
1521
1333
1474
1590
1753
1917
1932
1840
1684
1564
1975
2329
2305
2437
2504
2492
2414
2515
2219
2156
1949
1774
1838
1792
2121
2068
2384
2331
2629
2366
2286
2295
2253
2087
1869
1799
1619
1788
1994
1910
1854
1837
1793
1939
2276
2001
2121
2161
2250
2184
2312
2284
2053
1910
2010
2036
2108
2214
2176
2087
2012
1995
1996
2005
1805
1900
2054
1974
2222
2312
2203
1846
2282
2558
2616
2611
2518
2296
2492
2280
2307
2470
2360
2136
2042
1951
1821
1934
1999
1908
2110
2104
2218
2047
2193
2261
2086
2152
1869
1978
1942
1944
1869
1942
1746
1828
2020
1892
1897
2116
2112
1911
1928
1875
1750
1704
1903
1984
1893
1828
1909
2067
2257
2146
2259
2468
2175
2056
2018
2256
1987
1973
2107
2060
1753
1653
1532
1517
1808
2016
1867
1684
1901
2117
1927
2015
2075
2057
1852
1819
2048
2142
1970
1834
1992
2027
2090
1906
2061
1826
1727
2085
2256
2099
2209
2038
2244
2141
2205
2177
2350
2267
2139
2058
2076
2204
2030
1857
2177
2185
2099
2150
2124
2176
2328
2124
2047
2227
2132
2022
1918
2165
2066
1879
1890
1906
1973
2124
2339
2145
2362
2227
2217
2119
2267
2397
2361
2515
2179
2216
1955
1960
2167
2280
1972
1970
2049
2079
2240
2294
2454
2361
2382
2195
2061
2110
2362
2209
1913
1935
1644
1727
1730
1589
1653
1669
1646
1909
1868
1991
2051
2346
2354
2396
2135
2265
2345
2280
2352
2334
2211
1915
2021
1811
1786
1707
2053
2173
2082
2047
1917
2091
2099
1944
1876
1848
2115
2021
1938
1985
2113
1863
1520
1688
1879
2008
1668
2023
2021
2133
2027
2173
2363
2378
2204
2307
2452
2286
2316
1799
1625
1738
1826
1873
1850
2033
2112
2317
2199
2158
2242
2317
2338
2534
2198
2294
2013
1913
1615
1757
1643
1635
1502
1603
1988
1857
1783
1772
1886
1961
1962
2221
2254
2087
1792
1985
2050
1888
1861
1911
1793
1687
1753
1544
1405
1440
1418
1608
1787
2168
2068
2057
2124
2157
1967
2153
2103
2103
1952
1822
1866
2092
1984
2086
2361
2056
1936
2092
2346
2391
2374
2400
2494
2718
2591
2512
2422
2023
1883
1826
1741
1875
1894
1790
2066
2368
2285
2294
2507
2418
2220
2033
2426
2205
2202
2356
2135
2088
1933
1980
1802
1982
1836
1977
2179
2217
2179
1988
2435
2452
2380
2335
2413
2277
2265
2263
2101
1994
1891
1794
1723
1813
1576
1779
1898
2120
2127
2246
2175
2512
2735
2512
2432
2227
2042
1887
1976
1779
1882
1884
1935
1902
2009
2175
2045
2060
2041
2315
2581
2438
2416
2125
2197
2170
2332
1798
1676
1773
1802
1731
1669
1765
1923
1817
2378
2395
2573
2574
2653
2479
2168
2240
2053
2090
1818
1659
1574
1822
1567
1480
2001
1863
1844
2064
1799
1722
2267
2343
2111
1996
1904
1948
1827
1931
1881
1857
2138
2125
1975
1839
1905
1799
1716
1661
1806
1820
1759
1802
1633
1647
1798
1854
1840
1681
1675
1893
2202
2342
2117
1906
2038
2367
2198
2303
2285
2386
2562
2205
2092
2064
2115
2102
2086
2199
1974
1990
2061
2096
2135
2301
2371
2290
2101
2332
2396
2493
2089
2124
1910
1744
1868
1922
1942
2082
2087
1881
2062
2283
2101
2222
2234
2127
1843
1671
1814
1746
1874
1791
1592
1464
1863
1919
1912
1827
1962
2179
2141
2070
2262
2534
2155
2257
2035
1968
1846
1565
1642
1796
1629
1464
1599
1660
1768
1899
1865
1931
1974
2227
2574
2369
2284
2312
2003
1805
1801
1805
1781
1981
2010
1941
1902
1874
2269
2249
2330
2406
2371
2237
2342
2394
2125
2057
1950
1867
1816
1868
1694
1893
2129
2027
2109
2061
1874
1924
2329
1952
1861
2131
2105
2168
2084
1999
2058
2087
2080
2044
2016
1783
1833
1731
1897
1818
1848
1918
1894
1957
2387
2429
2382
2646
2525
2544
2333
2361
2223
2124
1823
1955
2010
2162
2099
1986
2146
2327
2522
2536
2587
2393
2619
2410
2386
2125
1814
1828
2043
1945
2026
1917
1883
2026
2307
2220
2092
2456
2234
2389
2281
2218
2168
2322
2045
1828
1727
1609
1678
1970
2307
2250
2212
2402
2320
1954
1866
2233
2163
2301
2297
2339
2195
1999
1866
2103
1787
1571
1736
2002
1973
1946
2216
2540
2460
2288
2554
2368
2403
2445
2436
2470
2154
1873
1990
1803
1757
1743
1750
1643
1839
1761
1978
2014
2009
1913
1915
2130
2308
2301
2247
2425
2322
2081
1978
1791
1625
1524
1559
1538
1631
1874
1940
1557
1390
1544
2141
2113
2049
1967
2180
2219
2166
2372
2207
2098
1936
1993
1749
1994
1993
2317
2273
2504
2583
1975
1749
2109
2269
2055
2288
2129
2161
2240
1906
2031
1882
1965
2040
1847
1842
1861
2041
2160
2147
2130
2150
2116
2133
2877
2737
2404
2216
2134
1874
1365
1266
1408
1610
1590
1812
2102
2192
2628
2737
2739
2705
2528
2394
2308
2008
2011
1778
1791
1836
1768
1977
2191
2292
2173
2430
2382
2363
2479
2595
2186
1683
1557
1517
1572
1435
1491
1786
1817
1994
2172
2169
2121
2204
2222
1891
1871
1619
1797
1849
1739
2198
2060
2070
2065
1975
2117
2160
2159
2018
1891
1557
1846
1871
1588
1771
1947
2319
2419
2395
2029
1830
1644
1811
1758
2009
2015
1831
1758
1795
1936
2155
2336
2427
2511
2335
2117
2078
2218
2066
1691
1430
1559
1513
1556
1692
1732
2027
2183
2186
2493
2425
2217
2254
2062
1853
1521
1775
1549
1590
1696
1910
2088
1988
2015
2069
2450
2296
2249
2307
2150
1949
2150
2181
2228
1971
1762
1389
1706
1635
1769
1790
2025
1974
2317
2278
2182
2190
2599
2773
2449
2424
2484
2230
1957
1887
1762
2048
1998
1708
2224
2377
2247
2544
2558
2485
2582
2371
2242
2046
2045
2013
1859
1661
1753
1840
2141
1976
1677
1960
1926
1815
1832
1969
2157
2305
2266
2357
2411
2425
2213
1951
2156
2016
1812
1743
1810
1672
1849
1767
1843
1995
1842
1759
2116
2076
2031
2252
2305
2409
2235
2318
2283
2075
1933
2047
1901
1667
1722
1616
1903
1652
1655
1861
2081
2337
2388
2251
2156
2387
1994
1614
1622
1875
1732
1751
1855
1738
1472
1730
1930
2020
2222
2644
2507
2479
2655
2649
2594
2333
2069
2047
1966
2155
2082
1945
2034
1900
1989
2049
2054
1972
2117
1958
1927
2028
1995
2001
2214
1783
1965
2033
2128
2256
2591
2300
2161
2261
2185
2092
2089
1797
1830
1919
1720
1554
1338
1510
1827
2062
1846
2014
2354
2529
2977
2668
2411
2251
2173
2028
1623
1732
1881
1703
1665
1837
1899
1681
1869
1842
2059
1881
1908
2038
2107
2139
2218
2305
2692
2614
2368
2353
2771
2255
2338
2216
2314
2184
2162
1986
1794
1720
1637
1774
1892
2015
2076
2334
2697
2593
2561
2383
2237
1992
1826
1548
1716
1784
1875
1613
1639
1628
1909
2187
2176
2456
2579
2578
2340
2259
2338
2306
2022
1759
2139
2082
1907
1897
2066
2313
2371
2268
2220
2240
2079
2257
2486
2252
1978
1667
1534
1469
1757
1764
1551
1597
1638
1708
1811
1959
2108
1925
1983
1960
2070
1886
2270
2552
2329
2295
2257
1795
2233
2085
1652
1524
1605
1698
1591
1339
1596
1986
1844
1955
2291
2247
2356
2347
2263
2098
2049
2174
2085
1855
1801
2045
2069
2315
2326
2383
2255
1769
1581
1804
2111
2189
2120
2178
2379
2456
2384
2197
2097
1711
1721
1870
1857
1714
1760
1870
2163
2448
2304
2238
2255
2213
2333
2489
1962
2015
1864
1740
1678
1485
1155
1423
1573
1490
1874
2013
2193
2145
2415
2659
2827
2798
2748
2413
2170
2171
2110
1957
1860
1947
1982
2281
2322
2611
2699
2726
2219
2075
2052
2141
2009
2037
1815
1851
1970
1668
1887
1681
1892
1865
2113
2278
2386
2500
2535
2864
2758
2308
2348
1983
2058
1754
2038
1753
1724
1776
1674
1575
1432
1564
1226
1668
1839
2170
2354
2302
2391
2397
2294
2294
2146
1856
1765
1859
1716
1865
1988
2074
2188
2210
2418
2240
2257
2317
2302
2364
2477
2200
1975
2032
1852
1701
1881
1871
1964
1955
1696
1918
1808
1919
1796
1717
1653
1750
1804
2088
2134
2256
1971
1767
2021
2098
1969
2182
2219
2327
2396
2484
2285
2388
1962
2023
2095
2152
2264
2314
2273
2163
2085
2159
2104
1991
1844
1544
1705
1650
1757
1791
1719
1823
1825
1870
1849
2062
2139
2442
2551
2199
2169
1996
1910
1895
1771
1533
1512
1630
2004
1901
1936
2000
1953
2240
2536
2525
2407
2753
2587
2455
2344
2176
1874
1870
1841
1585
1443
1653
1708
1842
1908
1874
1877
2054
2303
2445
2415
2458
2393
2294
2194
2202
1974
1939
1853
1756
2033
2041
2263
2267
2359
2106
2251
2285
2186
2427
2504
2419
2309
2236
1755
1697
1823
1848
1892
1630
1859
1965
2128
1982
2254
2150
2021
2134
2218
2351
2280
1949
1999
2218
2247
2011
1777
2030
1852
1972
2046
2072
2256
2294
2153
2400
2437
2097
1739
2052
1950
1978
1765
1393
1520
1720
2039
1906
2169
2276
2378
2311
2392
2387
2413
2263
1928
1815
1503
1454
1605
1898
1832
1975
2246
2243
2113
2173
2207
2244
2253
2247
2218
2172
2013
2056
2023
1691
1792
1498
1486
1506
1629
1484
1722
1769
1769
1610
2046
2039
2307
2400
2514
2076
2246
2348
2225
1901
1754
1868
1713
1884
1971
2132
1932
2028
2296
2429
2459
2179
2189
2053
2080
1926
1839
1938
1878
1852
1709
1701
1956
2023
1999
2202
2304
2474
2365
2332
2629
2423
1918
1880
1962
1841
1986
2006
1729
2076
2066
1930
1966
2043
2084
2140
2041
2114
2311
2421
2345
2150
2239
2338
2211
2204
2332
2074
1717
1952
1865
1863
2046
2266
2053
2298
2320
2367
2521
2617
2600
2515
2434
2448
2339
2030
1914
1621
1690
1777
1648
1629
1459
1539
1784
1860
1700
1898
1814
2038
2057
2208
2091
2109
1725
1819
1800
1389
1191
1650
1825
1719
1861
2032
2225
2540
2453
2210
2232
2391
2547
2535
2510
2372
2243
1874
1455
1470
1649
1806
1753
1771
2079
2227
2625
2638
2610
2232
2342
2291
2244
2240
2402
2374
2295
2295
2085
2103
2071
1817
1581
1886
2006
1968
1939
1919
2272
2098
2109
1867
1893
1981
2187
2262
2126
2315
2541
2306
2272
2227
2176
1985
2136
2162
2011
1986
2084
1972
1887
2070
2206
2194
2149
2200
2049
1951
1668
1680
1870
2122
2207
2426
2615
2502
2720
2797
2613
2494
2240
2024
2130
1997
2013
1858
1664
1265
1445
1484
1882
1884
1969
1889
1737
1953
2227
2173
1976
1734
1770
1642
1569
1662
1968
2013
1683
1618
1688
1887
1783
1800
2176
2215
2006
1851
1975
1900
1939
2140
1965
1839
2080
2043
1994
1971
1873
2001
1965
1720
1772
1720
1690
2014
2238
1927
1928
1909
1849
1938
1915
1957
1998
2273
1813
2042
1932
1700
1661
1927
1809
1668
1961
1956
1945
1879
1913
1859
2157
2090
2190
2190
1994
1864
2138
1955
1850
2009
2165
1873
1978
2255
2215
2205
2350
2468
2384
2456
2334
2442
2466
2400
2574
2488
2414
2315
2075
2116
1980
2068
2222
2215
2206
2608
2477
2176
2394
2564
2753
2612
2407
2455
2290
1875
1788
1718
1560
1656
1570
1650
1878
1906
1910
2246
2038
1944
1883
2137
2189
2078
1868
1865
1868
1819
1668
1747
1788
1971
1899
1805
2141
2035
2185
2354
2517
2424
2488
2397
2408
2253
1983
1818
1993
2000
2073
2011
2046
2181
2132
2147
2168
2315
2261
2131
1977
2147
2395
2123
1871
1662
1737
1920
2073
2024
1897
2179
2034
2199
2406
2157
2031
1963
1865
2263
2420
1724
1673
1816
1577
1628
1692
1615
1599
1597
1799
2125
2310
2241
2229
2116
2291
2276
2011
1755
1901
1855
1891
1891
1753
1688
1832
1866
2110
2150
2120
1900
1936
1909
1908
1903
1830
2018
2270
1966
1985
1971
2130
2042
2191
2092
2082
1865
1883
1753
2078
2212
2086
2229
2231
2149
2165
2221
2135
2184
2248
2254
2176
2121
2018
2097
2072
1896
2210
2488
2197
2086
2025
1921
1849
2058
2014
2153
2408
2283
2131
2033
1962
1799
1587
1614
1629
1881
1894
2039
2083
2290
2306
2080
1864
2269
2240
2170
2164
2095
1877
2120
1987
1966
1958
1687
1710
1563
1808
1864
2049
2120
2361
2218
2204
2259
2115
2144
2348
2157
1878
1560
1861
1799
2063
1952
1957
2248
2160
2047
2013
2298
2311
2422
2193
2169
2080
2167
1911
1791
1844
1593
1683
1909
2162
2182
2351
2318
2229
2361
2351
2362
2144
1987
2432
2195
2094
1928
1941
1754
1868
1972
1780
2004
2071
2247
2292
2264
2261
2353
2425
2371
2229
2189
1903
1874
1975
1794
1845
1843
1475
1553
1883
2067
2197
2301
2156
2379
2138
2139
2110
2125
2053
2032
1998
2089
1836
1619
1980
2076
1915
2112
2102
1925
2111
2194
2345
2211
2080
2369
2228
1889
1928
1768
1502
1830
1917
1993
2095
2081
2040
2008
2059
2149
2088
2195
2191
2314
2354
2195
1992
2011
1897
1960
2011
1803
1681
1830
2140
2412
2139
1896
1963
1664
1695
1806
1907
2106
2229
2182
2012
2049
2107
2210
2008
2315
2357
2144
2047
2203
2116
2180
2326
2160
2334
2258
2110
2182
2173
1888
1759
1690
1723
1810
1799
1686
1826
1923
2129
1918
1977
2104
2157
2391
2358
1952
2089
2150
1985
1998
2149
1797
2222
2114
2354
2320
2349
2157
2240
2221
2108
2048
2130
2254
2151
2340
2283
1944
1971
2059
1928
1954
1971
2040
2167
1934
2126
2006
2265
2143
2048
1968
2052
2098
2020
2114
1962
1904
1799
1766
2091
1781
1960
1880
2031
2065
2258
2393
2378
2464
2332
2510
2597
2549
2054
2231
2423
2060
1903
1754
1671
1672
1599
1369
1612
1858
1622
1977
2214
2117
2019
2123
2149
2455
2378
1872
2019
2296
1822
2080
2194
1824
1804
2048
2290
2362
2267
1964
2309
2303
2228
2329
2194
2068
2037
1952
1700
1880
1935
1924
2091
2285
2182
2415
2220
2280
2311
2381
2286
2476
2418
2057
2048
2041
1851
1823
1840
1624
1647
1379
1593
1948
1996
2155
2074
1953
2181
2411
2039
1893
1964
1698
1831
1842
1672
1815
1774
2036
2148
2451
2341
2234
2023
2045
2228
2157
2188
2070
1814
1686
1741
1962
1941
2020
1909
1895
1738
1615
1708
1716
1799
1656
1987
2112
2156
2212
2249
2233
1902
1760
1770
1800
1813
1928
1916
2031
1889
2164
1811
2114
2090
2096
2175
2396
2475
2103
2404
2415
2225
2077
1824
1559
1501
1394
1529
1858
1952
2090
2212
2447
2506
2519
2358
2120
1874
1674
1830
1693
1652
1944
1578
2082
2398
2249
2092
2215
2179
2352
2529
2525
2587
2583
2535
2394
2014
1894
2123
1971
2031
1961
1963
1989
2184
2306
2402
2285
2180
2090
2095
2018
2075
1863
1916
1693
1661
1613
1597
1887
2117
2314
2394
2417
2414
2263
2418
2245
2057
2004
2130
2059
2049
2254
2077
1891
1773
1680
1976
2113
2141
1942
2157
2039
1689
1921
1748
1576
1531
1645
1618
1852
2050
1875
1989
1992
2476
2485
2208
2287
2191
2395
2306
2027
1791
2032
1930
1713
1700
1703
1792
1942
2009
2101
1889
1794
1925
2122
2229
2019
1773
1790
1964
2355
2315
2302
2132
2262
2357
2093
1854
1946
2049
1776
1583
2026
2048
1938
1953
1974
2126
2057
2111
2048
2316
2367
2334
2311
2296
2149
2234
2182
2042
2102
2222
2124
2302
2037
1922
2332
2387
1933
2126
1923
1857
2098
2002
2087
2172
2042
1955
2233
1965
1972
1515
1693
1957
1812
1812
2077
1992
1784
2251
2371
2377
2163
2334
2405
2354
2399
2498
2341
2350
2228
2425
2595
2456
1936
1754
1878
2110
2293
1896
2084
2246
1932
1561
1809
1818
1665
1548
1446
1580
1927
2089
2126
2074
2072
1957
1777
1908
1915
1899
1661
1741
2027
1836
1665
1399
1553
1662
1679
1970
2015
2428
2307
2368
2428
2688
2430
2351
2578
2373
2290
2092
2321
2143
2208
1989
2067
1864
1717
1502
1659
1777
1932
1764
1839
2042
2161
2070
2063
2195
2204
2248
2263
2043
2220
2141
2131
1879
1816
1741
1645
1730
1841
1979
2135
1986
2032
2222
2447
2431
2791
2790
2471
2417
2146
2261
1994
1758
1443
1514
1654
1596
1785
1945
2038
1837
2223
2327
2124
2068
2489
2501
2353
2116
1982
2007
1832
1843
2039
2283
2141
1729
1930
2077
2090
2190
2131
2169
2283
2311
2135
2303
2269
2138
1960
2039
1793
1960
1882
1936
1953
2088
2355
2152
2043
1942
1952
1686
2095
2172
2271
1991
2151
2160
1925
2103
1934
2018
1831
2105
2186
1846
1562
1521
1769
1689
1736
1925
2155
2224
1919
1876
2144
2329
2342
2305
2362
2326
2363
2383
2333
2274
2247
1955
1579
1604
1964
2112
1967
2037
1961
1814
2152
2194
2143
2279
2487
2418
2452
2636
2469
2381
2074
1955
1992
1749
1423
1534
1950
2051
1713
1847
1801
2123
1881
1693
1821
1929
1985
1921
1870
1698
1939
2132
2000
2210
2046
2184
2037
1895
1840
1978
1904
1648
1807
2197
2131
2286
2208
2151
2102
2175
2292
2300
2364
2182
1950
1872
1766
1912
1705
1537
1641
1754
1879
2087
2187
2132
2100
2087
2009
2266
2397
2470
2161
2085
2120
2247
2194
2057
2021
1812
2087
1914
1718
1626
1761
1753
1876
1874
1771
1980
2104
2071
2210
2554
2354
2304
2233
2237
2243
2043
1944
1833
1941
2152
1975
1742
1880
1622
1921
2178
2169
1947
1993
2116
2475
2437
2318
2360
2372
2074
2040
2058
2056
2107
2214
2339
2316
2344
2590
2468
2385
2421
2858
2528
2427
2291
2196
2066
2119
2034
2033
1899
1852
1673
1659
1800
1747
1639
2129
2128
2230
2119
2203
2141
2161
2170
2201
2042
1927
1904
1743
1711
1713
1766
1784
1682
1589
1833
1993
2055
2456
2282
2269
1931
2154
1971
1757
1791
1708
1536
1532
1853
1806
1833
2103
2200
2252
2500
2489
2484
2286
2207
1950
1675
1746
1767
1869
1558
1817
1973
1872
1922
2292
2465
2278
2297
2395
2345
2321
2227
2225
2341
2015
2117
1867
1847
1546
1702
1726
1770
1694
1880
1880
2086
2253
2085
2171
2369
2401
2189
2191
1945
1940
1563
1698
1800
1818
2042
2301
2120
2204
2271
2380
2240
2302
2332
2193
2055
1936
2008
1736
2098
1938
2038
1848
1932
1776
1958
2212
2352
2093
2253
2350
2406
2208
2042
1806
1800
1832
1879
1762
1745
1931
2012
1888
2081
2119
2275
2142
2231
2247
2194
2432
2236
1958
1902
1953
1827
1908
2186
2016
2123
1976
2000
2209
2299
2443
2331
2284
2550
2570
2449
2518
2250
2366
2227
1898
1864
1964
1780
1767
1898
1835
2054
1931
2146
2304
2154
2296
2253
2338
2558
2261
2092
2045
1942
1954
2219
2106
2180
1963
1933
2168
2198
1805
2474
2415
2121
2314
2156
2095
2140
2033
2058
2055
1846
1809
1730
1523
1657
1766
1735
1844
1643
1614
1886
1845
2068
2143
1999
2114
2267
2132
2302
2327
2048
2060
1509
1633
1835
2030
1619
1908
1951
1942
2102
2132
2032
2126
2114
1913
2109
2302
2451
2471
2135
1938
1995
1908
1698
1613
1661
1686
1884
1782
2013
2044
2037
2321
2169
2056
2159
2266
2234
2072
2077
1870
1997
1875
1627
1576
1635
1821
1807
1846
1866
2149
2180
2252
2349
2482
2007
2065
2045
2048
1953
2001
2117
1798
1970
1980
2022
2137
2045
2127
2276
2467
2106
2523
2426
2306
2136
2138
1977
1829
1986
2049
1993
1981
2189
2268
2505
2334
2007
2166
2278
2244
2135
1860
1857
2098
2016
2108
1988
1712
1686
1695
1816
2144
1856
2165
2195
2284
2035
2135
2093
2271
2364
2283
2444
2046
1890
1950
1824
1930
2068
1855
1821
1907
1777
2110
2040
2083
2376
2369
1964
2134
2324
2094
2193
2305
2272
2371
2419
2733
2764
2344
1967
1777
1909
1910
1851
1786
1983
1956
1996
2063
1881
1845
1674
1931
1958
1942
2028
2157
2360
2321
2354
2186
2107
2103
1928
1848
1750
1697
1672
1745
1615
1675
1789
2047
2120
2126
2146
2237
2252
1872
1737
1579
1933
2230
2034
2017
2099
2312
2096
2028
2234
2079
2166
1847
1661
1542
1589
1516
1465
1541
1583
2182
2322
2221
2217
2546
2610
2347
2506
2439
2360
2150
2099
2225
2344
2053
2042
2083
1861
1966
1989
1976
2144
2306
2083
2146
2041
2113
2031
1866
1946
2137
2106
2066
1808
1851
2049
1958
1997
2074
1738
1788
2014
2068
1982
2074
2028
2047
2305
2489
2596
2598
2577
2616
2414
2036
1942
2056
1895
1846
1924
2097
1800
2115
2345
2447
2100
2182
2356
2306
2278
2210
2056
1840
1632
1551
1575
1766
1578
1466
1697
1944
1732
1684
1880
1715
1760
1952
1867
1799
1959
2155
1998
2004
2013
2175
2162
2169
2092
2165
2296
2162
2140
2049
1902
1826
1733
1670
1933
1864
1719
1982
2116
2212
2214
1934
2036
2040
2016
1780
2027
2234
2051
1857
1828
2053
2083
2062
2205
2589
2357
2188
2380
2114
1839
1866
1787
1627
1762
1838
1930
2064
2330
2416
2349
2489
2668
2496
2682
2646
2535
2183
1861
1671
1877
1910
1673
1934
1851
1968
1875
2044
2005
2003
1986
2175
2074
1957
1961
2000
1997
1950
2180
2203
2385
2345
2203
2252
2221
2247
2218
2020
1660
1661
1473
1357
1477
1444
1501
1545
1628
1630
1747
1811
1746
2000
2014
1825
1860
1891
2065
1935
1898
1776
1735
1938
2029
2156
2239
2222
2213
2434
2468
2302
2454
2511
2349
2266
2181
2214
2025
1897
1720
1963
2081
2013
1999
1977
2281
2289
2215
2312
2122
2282
2279
2450
2400
2274
2121
2250
2184
1777
1997
1733
1711
1825
1814
1674
1766
1669
1604
1688
1650
1808
1842
1956
2077
1993
1690
1655
1861
1566
1726
1862
2063
1830
1970
2112
2283
2397
2554
2433
2348
2130
2388
2373
2218
2440
2333
2154
2228
2405
2055
1913
2058
2128
2219
2227
2250
2236
2219
2351
2270
2033
2009
2076
1938
2195
2292
2314
2512
2687
2404
2332
2429
2290
2157
2113
1773
1705
1918
2049
2121
2314
2475
2309
2372
2626
2712
2496
2303
2160
2130
1920
1959
2080
2173
2262
2007
2054
1958
2202
2120
2275
2464
2410
2442
2418
2120
1992
1825
1420
1466
1911
1995
1577
1563
1631
1683
1689
2013
2113
2090
2176
2098
1871
1914
1658
1726
1895
1988
1931
2154
1992
2048
2063
2093
2139
2050
1933
2125
2266
2029
2330
2139
1793
1787
1930
1803
1844
1668
1672
1465
1631
2184
2309
2475
2444
2469
2385
2555
2396
2361
2328
2217
2106
2250
2086
2209
2248
2270
2142
2249
2064
1782
1866
2148
2057
1955
2023
1949
1810
1659
1538
1529
1828
1782
1600
1514
1671
1590
1871
2049
2130
1979
2115
2002
2114
2121
2004
2047
2078
2051
2178
2196
1982
2082
1990
1939
1967
1953
1902
2019
2194
2115
2079
2161
2082
1936
1746
2080
2197
2316
2351
2510
2427
2397
1979
1800
1901
1878
1714
1704
1835
1848
2039
2022
2111
2066
2403
2356
2150
2417
2402
2435
2325
2041
1874
1779
1496
1472
1566
1455
1473
1842
1876
1919
1883
1939
1911
2030
2152
2017
1855
1849
1828
1906
1804
1957
1847
1992
2214
2084
2088
2231
2134
2177
2490
2492
2099
2349
2225
2345
2067
2281
2305
2261
2139
2191
2317
2293
2216
2401
2463
2325
2071
2233
2146
2134
2049
2218
2459
2548
2334
2082
2056
2065
2204
2139
2297
2220
2222
2248
2245
2143
2071
2240
2352
2172
2128
2333
2367
1986
2082
2045
2039
2132
2050
2130
2142
2030
1630
1966
2032
2013
2244
2396
2176
2318
2213
2199
2211
2084
1771
1839
1956
2071
1892
1650
1780
1891
2190
2557
2236
2198
2166
2036
2031
2153
2131
1804
1983
1924
1765
1440
1548
1740
1872
2069
2047
2124
2297
2427
2418
2355
2314
2289
2020
2016
1979
1821
1856
1886
1754
1913
1848
2115
2258
2070
2088
2111
1985
2094
2302
1848
1563
1621
1622
1569
1509
1356
1584
1460
1602
1827
2040
2038
1845
1758
1549
1542
1724
1670
1622
1793
1916
1796
1631
1582
1689
1836
1731
1671
1875
1808
1905
2124
2137
2505
2383
2043
2032
2545
2272
2115
2316
2163
2576
2435
2099
2135
2230
2168
2184
1987
1782
2003
2053
1918
2150
2138
2088
2129
1972
2253
2311
2479
2361
2339
2284
2379
2314
2292
2077
1995
1951
1859
2069
1935
2073
1901
2166
1981
2151
2256
2071
2106
2351
2325
2435
2389
2312
2060
2044
2090
1857
1767
1946
1977
1572
1568
1560
1616
1847
1890
1837
2239
2268
2230
2228
2138
1931
2024
2273
1779
1711
1855
1651
1678
1834
1912
1803
2096
2363
2476
2208
2128
2165
2084
2007
1987
2001
2147
2412
2482
2099
2267
2043
2114
2001
2141
2034
1791
1625
1402
1591
1492
1696
1720
1884
1852
1889
2164
1919
1937
1921
2018
2209
2095
2402
2057
2065
2005
1978
1892
2139
2046
2170
2111
2107
1658
1971
2304
2505
2647
2449
2201
2161
2177
2017
2221
2326
2054
2066
2044
2020
2096
2572
2441
2671
2755
2684
2574
2315
2149
1925
2138
2128
2360
2477
2365
2432
2246
2131
2259
2199
2084
2426
2465
2089
2040
2007
2082
1767
1608
1786
2092
1799
1798
1899
1854
2259
2026
2010
2410
2426
2120
2182
1924
1707
1742
1890
1705
1708
1825
1936
1900
2005
1953
2180
2143
1897
2088
2208
2117
1859
1988
2066
1886
1824
1843
1887
1901
1957
2034
1716
1867
1876
1912
1831
1564
1650
1904
1742
1998
2139
2142
1850
2096
1993
1870
2063
2145
2212
2207
2026
1932
1715
1654
1602
1825
1904
1616
1678
1539
1622
1755
1865
2138
2028
1966
2228
2331
2461
2569
2548
2567
2257
2429
2253
2129
1899
2044
2053
1864
1724
1555
1878
1733
1824
1961
1870
1826
1714
1902
2157
2170
1882
2006
2023
1761
1753
1920
2423
2262
2150
2299
2523
2283
2448
2553
2325
2250
2385
2065
2076
2043
2165
1999
2080
2160
2219
2105
1971
2150
2493
2469
1908
2014
2352
2261
2133
1716
1684
1747
1710
1798
2080
2136
2438
2469
2227
2162
2095
2276
2195
2149
1993
1972
1912
1723
1606
2164
2479
2393
2490
2372
2069
2150
2361
2077
2007
1785
1804
1466
1370
1228
1269
1374
1663
1869
2271
2174
2056
2101
2150
1997
2169
2189
2281
2104
2009
2135
2174
2197
2042
2074
2002
2062
2102
2109
2071
1783
1872
2069
2137
2224
2288
2466
2228
2532
2266
2003
2020
2287
2327
2655
2851
2388
2230
2480
2355
2177
2419
2162
2021
2045
1961
1785
1573
1646
1691
1394
1536
1852
2066
2126
2052
1899
1866
2114
1998
1948
1984
1902
1893
1972
2072
2033
2061
2102
1832
1862
1845
1912
2120
1912
2034
2178
1901
1991
2177
2265
1861
1938
1815
1914
1762
1752
1786
1976
2003
1749
1832
1901
2193
2428
2241
2314
2673
2485
2330
2054
1988
1720
2080
2066
2060
2171
1999
2042
2005
2254
2155
2297
2203
2290
2168
1998
1986
1952
1719
1631
1483
2006
2049
2166
2199
2225
2466
2299
2392
2397
2469
2327
2183
2141
1961
2213
2038
2122
2448
2449
2339
2521
2583
2110
2259
2153
1998
2074
2026
1990
1818
1703
1630
1782
1695
1582
1818
2126
1920
1912
2010
2017
1733
1784
1817
2293
2077
1924
2071
2246
1757
1856
2283
2061
1852
1827
1894
2034
1965
2028
1848
2007
1808
1936
1922
2003
1963
1840
2000
2180
2082
2234
2088
2026
2041
2295
1805
1917
1870
2000
2036
2432
2333
2135
2117
2175
2201
2160
2249
2481
2253
2272
2085
1862
1872
1865
1871
1747
1845
2217
2077
2033
2088
2227
2188
2193
2313
2209
2250
2153
2140
2312
2293
2390
2127
1815
1986
2045
1972
1756
2218
2194
2017
1802
2033
2136
2088
2320
2163
1966
2159
2186
1989
1764
1858
1799
1980
1860
1587
1784
1929
1794
1756
1941
1852
2030
2015
1938
1822
1852
2091
2212
1968
2026
2163
1997
2104
1755
1552
1607
2018
1874
1775
2128
2022
2301
2161
2353
2154
1990
1983
2257
2689
2471
2362
2362
2490
2098
1972
2189
1977
1737
1611
1795
2061
2215
2253
2236
2309
2295
2307
2418
2154
2514
2141
2023
2043
2121
2205
1899
1837
1835
2048
2350
2227
2099
2017
2142
2362
2485
2344
1756
1926
1797
1924
1974
1963
1828
1492
1689
1647
2009
2000
2121
2390
2232
2187
2179
2209
2279
2162
2332
2311
2147
1683
1663
1618
1738
1738
1669
1653
1982
1956
2152
2057
2058
2201
2593
2308
2408
2261
2366
2527
2304
1890
1626
1692
1736
1882
1938
1915
1999
1752
2019
2357
2319
2528
2452
2439
2626
2405
2306
2241
2091
1836
1705
2054
1998
2220
2153
2300
2225
2420
2364
2460
2555
2490
2292
2128
1979
1998
1719
1564
1595
1398
1915
2045
1600
1346
1653
1866
1980
2009
2114
2094
2149
1964
2018
1696
1704
1958
1742
1929
2166
2131
2292
2092
2205
2293
2217
2007
2005
2188
2064
2220
2191
1975
1930
1686
1775
1954
2017
1639
1593
1695
1946
1850
1850
1796
1875
1965
1955
1915
1948
2060
1806
2048
2032
1968
2056
1909
1857
2078
2162
2195
2408
2303
2365
2128
1996
2064
2114
2081
1972
1797
1850
2056
1845
2091
2127
2019
1900
1741
1742
1785
1714
1617
1777
1640
1986
2170
2216
2125
1929
1936
2200
1966
1693
1934
1859
1796
1762
1900
2005
2266
2274
2315
2350
2182
2340
2494
2166
2060
2225
2371
2284
2352
2082
1803
2031
2034
2008
1717
1843
1819
1765
1985
2034
2137
2297
2244
2144
2493
2247
1988
2358
2474
2143
2239
2096
1825
1805
1941
1825
1722
1812
1972
2078
2148
2525
2234
2153
2197
2435
2218
2323
2366
2280
2384
2456
2060
2165
1848
1876
1675
1837
1537
1516
1601
1798
1782
1675
1778
1882
1993
2144
2311
2363
2268
2132
2295
2312
2284
2401
2019
1938
2032
2241
2097
2055
2103
2289
2397
2470
2306
2543
2337
2290
2054
1940
2032
2144
2128
1985
1894
1987
1754
1857
2000
2141
1864
1905
1940
1718
1870
2063
2264
2146
1906
2056
1903
1865
1982
1912
2042
2073
2019
2177
2346
2363
2044
2177
2020
1937
2013
1810
2063
2037
2074
2079
2058
2007
2009
2127
1867
1873
1893
2018
1963
2034
2291
2310
2357
2125
2185
2215
2365
2294
2421
2140
2227
1961
2088
2153
1881
1797
1595
1728
1676
1825
1956
2061
2051
2056
2306
2264
2157
2302
2232
2124
1885
1972
2001
1852
1780
1868
1788
1695
1694
1976
2014
2074
2086
2089
2308
2354
2431
2448
2462
2322
2335
2410
2080
2169
1938
1607
1615
1949
1862
1887
1630
1770
1985
2116
2019
1804
1772
2329
2291
2003
1916
2085
1996
2051
2138
2270
2325
1975
2136
2287
2255
2053
2115
2202
2431
2360
2085
2047
1879
1746
1849
2036
2085
1972
1724
1871
1995
2006
1898
2023
2248
2094
2047
1845
1935
1485
1715
1816
1868
1722
1484
1625
1601
1592
1654
2243
2254
2186
2080
2130
2153
2160
1924
1933
2032
1961
2236
2491
2537
2597
2524
2190
1915
2301
2081
1810
1560
1888
1983
1753
1615
2000
1973
1888
2016
2065
1931
2093
1987
1978
2156
2343
2373
2274
2083
2318
2428
2487
2352
2016
1827
1899
1657
1591
1642
2075
2241
2175
2079
2160
2209
2124
1864
1713
1797
2122
2274
2242
1993
1884
1819
1903
1907
1697
1835
1809
1962
2104
2112
1955
2285
1945
2012
1972
2141
2201
2152
2433
2420
2611
2556
2587
2395
2351
2286
2304
2638
2663
2686
2592
2312
2404
2399
2228
2105
2330
2398
2501
2312
2131
2081
1930
1586
1658
1455
1624
1905
1903
1896
1946
2079
2045
2092
2090
2161
2130
1936
1753
1499
1666
1737
1743
2086
2124
2130
2083
2012
1988
2086
1848
1871
2096
1926
1800
1909
2065
2211
2316
2159
1865
1589
1935
2013
2183
2329
2273
2169
2060
2030
2146
2271
2179
2245
2321
2101
2094
2243
2037
1722
1662
1596
1532
1495
1344
1502
1987
2080
1965
1884
1619
1711
1902
1961
1982
2224
2139
1944
2061
2157
2110
1957
1672
1430
1667
1877
2359
2372
2165
2302
2488
2498
2752
2668
2570
2832
2487
2057
2146
1984
1690
1691
1905
1706
1706
1934
2085
2350
2231
2316
2124
1835
1686
1802
2031
2239
2232
2120
2021
2035
1970
2139
2160
2206
2201
1978
2019
1957
2104
2401
2707
2733
2574
2704
2693
2375
2431
2198
1947
1670
1627
1463
1640
1785
1615
2050
2133
1952
1886
1859
1798
2112
2066
2009
1841
1618
1688
1579
1463
1457
1737
1538
1754
1794
1976
1994
1805
2211
2378
2014
1813
2197
1683
1705
2046
2049
2073
2123
1986
1971
2014
2302
2420
2635
2315
2313
2219
2176
2076
1983
2271
2230
2425
2510
2414
1936
1657
1818
2316
2504
2237
2193
2335
2109
2125
2217
2015
1960
2122
2266
2113
2294
2413
2316
2217
2254
2179
2406
2377
2148
2128
2200
1858
1727
1708
1638
1969
1955
2045
2090
1811
2107
2091
2137
2325
2292
1994
2076
2221
2279
2330
2202
1803
1928
1881
1986
1853
1747
1964
1971
2134
2114
2264
1977
2236
2331
2362
2087
2145
1822
1758
1646
1937
2150
2397
2285
2163
2061
2068
2014
2143
2120
1954
2173
2001
1791
1441
1587
1650
1666
1763
2111
2529
2313
2183
2475
2295
2282
2183
2145
2131
2220
2091
1859
2031
2001
1917
1852
2006
2074
1882
1801
1869
1901
1779
1562
1739
1668
1907
2067
2185
1896
1771
1684
1864
1980
1860
1741
1562
1435
1576
1800
1818
2210
2308
2285
2160
2066
1873
1929
1829
1780
1798
1866
1793
1908
1833
1776
1766
1809
2008
1992
2048
2094
1817
1909
1753
1747
1853
2010
1600
1426
1506
1520
1697
2208
2262
2210
1855
2035
2268
2318
2248
2299
2505
2501
2505
2405
2530
2692
2656
2533
2464
2407
2303
2208
2330
2325
2185
2071
1940
1939
2100
2155
1864
1810
2101
2131
2179
2320
2582
2692
2700
2184
1903
1968
1842
1562
1259
1206
1264
1931
2116
2108
2294
2372
2269
2382
2468
2125
2185
2246
2313
2373
2209
2011
1814
1876
1876
1995
1965
1967
1836
1870
1694
1684
1704
1805
1736
1849
2206
2354
2432
2448
2330
2242
2291
2557
2495
2162
1953
1947
1933
1885
2043
2291
2303
2088
2055
2103
2301
2208
2041
2057
2145
2137
1952
1823
1680
1868
1924
1945
1852
1992
2155
2167
1903
1697
1485
1538
1614
2100
2489
2383
2049
1804
1851
2059
2313
2169
2192
2294
2061
2141
1850
1728
1716
2010
2183
2256
2487
2588
2644
2624
2769
2516
2108
1939
1963
2120
2057
2095
1978
1964
1935
1770
1582
1561
1603
1655
1911
1719
1712
1893
1975
2003
1979
2007
2079
2209
2255
2401
2362
2407
2473
2541
2552
2383
2442
2525
2306
2291
2350
2420
2078
1852
1866
1917
1913
1778
1722
1755
1667
1913
2008
2133
1919
1993
1960
1995
2064
1896
2115
2221
2031
2005
1896
1838
1792
1715
1521
1783
1745
1722
1889
2332
2282
2361
2220
2086
1870
1712
2047
1927
1783
1691
1640
1787
1472
1581
1436
1771
1969
2324
2279
2378
2417
2275
2405
2536
2245
2112
2220
2167
2145
1918
2027
2032
1752
1566
1919
1752
1847
1919
2022
2148
2222
2388
2374
2445
2554
2532
2355
2155
2140
2034
2083
1802
1902
2002
1921
2126
2066
1796
2141
2219
2064
1961
2053
2220
2644
2635
2674
2495
2113
2188
2263
2056
2051
1984
1916
2061
1779
1879
1946
1808
1903
2252
2208
2205
2442
2185
2254
2031
1849
2117
2124
2023
1843
2076
1979
2194
2108
2115
2155
2262
2235
2225
2345
2199
2069
2255
2477
2281
1973
1899
1798
1978
1705
1539
1524
1602
1554
1956
1768
1766
1759
2109
1909
1995
2094
2125
2175
2088
2300
2240
2107
2016
1935
1689
1814
1597
1697
1524
1799
1805
1975
1960
1965
2095
2038
2195
2127
2149
2190
2125
2072
2069
2247
2292
2254
2157
2142
2069
1934
2165
2470
2450
2610
2568
2296
2209
2313
2400
2499
2218
2173
2051
1935
1531
1503
1319
1560
1769
1916
2040
2148
2030
1919
1998
2004
2277
2265
2217
2010
2161
2030
2028
1836
2004
2315
2607
2219
2246
2272
2303
2213
2332
2066
1757
1775
1979
1820
1886
1830
1631
1711
1730
1709
1643
1765
1672
1894
2224
2090
2021
2134
2223
2472
2576
2170
1970
2042
2132
1862
2051
2115
2217
2184
1976
1994
2076
1941
1724
2015
2427
2442
2372
2303
2297
2211
1965
2030
1918
1606
1645
1568
1814
1753
1906
2194
1995
2001
2367
2807
2470
2314
2097
2012
1922
1873
1788
1775
1711
1890
2066
2093
1999
2000
2099
2101
1994
1914
1892
2122
1868
1935
1723
1744
1593
1404
1490
1480
1759
1879
1822
1537
1564
1841
1627
1725
1899
2031
2095
2176
2373
2344
2237
2419
2451
2309
2079
2151
2060
2176
2146
1779
1858
2155
2222
2250
2342
2212
2131
2282
2456
2445
2595
2526
2484
2391
2329
2828
2782
2426
2352
2489
2412
2113
2205
2268
2106
1935
2113
1877
2027
2078
2072
1749
1821
1848
1920
1900
1958
2128
2085
2048
2260
2291
2128
1602
1574
1709
1583
1524
1559
1392
1530
1795
1788
1823
2051
2256
2231
2036
2066
2263
2384
2186
2089
2236
2208
2279
1906
1788
1961
1846
1723
1500
1497
1548
1932
2113
2146
2193
2177
2178
2138
2232
2283
2196
2078
1945
1990
2228
2140
2053
1970
2055
1922
2142
2346
2487
2519
2070
2051
2244
2041
2083
1963
2068
2227
2474
2316
2282
2673
2573
2322
2275
2313
2177
2037
2049
2073
2268
2439
2135
2223
2098
2250
2397
2442
2263
2209
2066
1970
1840
1810
1754
2083
1778
1946
1806
1832
1638
1777
1620
1313
1283
1416
1653
1674
1769
1927
1604
1392
1628
1813
2112
2249
2389
2202
2403
2318
2289
2074
1699
1654
1803
1737
2006
1973
1970
2069
2396
2319
2389
2001
1850
1961
2001
1991
2040
2137
2107
2112
2097
1958
2056
2322
2175
2086
2216
2266
1902
2120
2117
1972
2044
2229
2217
2304
2321
2199
2342
2115
2120
2047
1971
1905
1908
1814
1916
1978
1956
1976
2173
2199
1993
2133
1926
1877
2004
1975
1820
2016
2061
1980
2198
1982
1876
1943
2008
2033
1955
1899
1899
1699
1843
1983
1972
2108
2177
1943
2051
2187
2046
2230
2242
2109
2160
2148
2188
2365
2486
2425
2340
2175
1946
1855
1812
1725
1709
1484
1457
1579
1682
1628
2057
2197
2175
2212
2159
2263
2247
2454
2254
2287
2282
2503
2615
2625
2865
2814
2704
2703
2853
2635
2633
2830
2738
2514
2478
2053
1971
2034
1800
1410
1287
1441
1579
1682
1872
1869
1875
2029
1939
2239
2003
1992
2080
2327
2412
2373
2203
1812
1765
1326
1765
2054
1799
1859
2170
2069
1962
2276
2313
2248
2135
2180
2184
2035
1844
1531
1652
1645
1647
1742
1868
1798
2020
2068
2045
2159
2130
2075
2098
1907
1790
2056
2069
1877
1616
1529
1725
1634
1709
1923
1750
1753
1989
2073
1919
1963
1995
1940
1757
1872
2069
2075
2223
2157
1999
2272
2265
2091
2030
2370
2077
2011
2031
1992
1800
1913
1933
1758
1616
1822
1885
1957
2143
2041
2257
2456
2043
1788
2017
1978
2036
2088
2136
2019
1839
1723
1845
1776
1858
1965
1973
2175
2433
2485
2472
2683
2505
2398
2741
2401
2397
2076
1992
1776
1815
1914
1749
1793
1803
1930
2029
2064
2187
2306
2293
2028
2068
2285
2067
2057
2034
1971
1923
2102
2217
2001
2096
2250
2388
2643
2664
2776
2570
2481
2391
2506
2592
2451
2682
2294
2333
1931
1972
1888
1749
1659
1913
2116
1851
1917
1972
1995
2023
1991
1961
1842
1977
1921
1990
1706
1805
1911
1838
1563
2019
1816
1793
1690
1953
1857
2218
1922
1871
2005
2126
2156
2122
1995
1991
2238
2113
1862
1752
1606
1614
1720
1576
1678
1936
2161
2031
1917
1998
2370
2331
2134
2100
2359
2620
2172
1677
1480
1985
2061
1960
1834
1667
1921
1858
1796
1848
1965
2190
2433
2429
2145
2342
2299
2373
2302
1924
1920
1775
1552
1563
1756
1916
1903
2028
2277
2230
1892
2024
2145
2162
2204
1990
1976
1979
1834
1837
1672
1586
1782
1951
2041
2354
2323
2209
2380
2078
1762
1790
1801
1967
1849
1749
1895
1856
1856
1932
1746
1587
1801
2177
2114
2206
2051
1879
1883
1958
2079
2065
2234
2032
2116
2116
2197
2355
2397
2173
2268
2445
2389
2221
2120
2093
1991
2135
2108
2047
1778
1935
2117
2062
2120
2032
2136
1934
2078
2074
2025
1988
2005
2122
1830
1959
1932
2093
1863
1821
1761
2048
2197
1842
2022
1987
2066
1724
1764
1777
1879
2109
2085
2157
2096
1964
2111
2081
2150
2106
2229
2157
2186
2471
2286
2288
2394
2346
2478
2389
2336
2028
2310
2085
2035
1995
1855
2056
2128
2051
2014
1903
2043
2160
2231
2117
2393
2532
2077
2189
2109
2117
2072
2174
1755
1799
1632
1402
1554
1641
1888
1983
2143
1873
2197
2267
2377
2368
2334
2271
2052
2078
2034
1666
1754
1872
1981
1751
2130
2213
2239
2176
2404
2630
2399
2146
2356
2335
2516
2515
2245
2248
2154
1890
1795
2055
2159
2078
1845
1807
2069
2086
2116
2158
2088
2129
2160
2275
2306
2166
2182
2146
2187
2181
2178
2014
2086
1944
1904
2017
2132
2226
2261
2362
2232
2163
2349
2633
2514
2650
2625
2579
2540
2432
1910
1960
2005
1837
1850
1631
1664
1763
1801
2123
2238
2167
1917
2059
2488
2362
2236
2401
2410
1935
2060
2034
1740
1673
1887
1806
1994
2226
2069
2003
1956
2187
2007
1989
2240
2021
1752
2017
2181
1905
1810
1895
2354
2050
1953
2002
1962
2059
2013
2024
2076
2238
2034
1944
2188
2083
2006
1964
1916
1788
1897
1839
1789
2018
1940
1576
1997
2231
2094
2188
2069
1924
2167
2243
2018
2103
2276
2057
2119
2121
2189
1934
1781
1575
1308
1595
1428
1429
1434
1632
1730
2075
2196
2333
2509
2245
2236
2298
2321
2334
2458
2303
2346
2184
2235
2183
2145
2020
2266
2134
1787
1637
1716
1792
1604
1792
1765
1860
1908
2259
2296
2449
2274
2528
2625
2384
2474
2228
1859
1491
1617
1875
2260
2034
1969
2172
2280
2153
2054
1851
1809
2009
1974
2132
2262
2121
1812
1893
1884
1815
1556
1386
1610
1756
1800
1679
1743
1711
1808
2047
2092
2216
2288
2360
2251
2475
2322
2377
2259
2181
1752
1329
1107
1099
943
1320
1369
1638
2307
2576
2405
2513
2716
2821
2839
2720
2692
2775
2672
2383
2228
2155
2253
2026
1871
1584
1956
2010
2027
1791
1824
1783
1907
1983
1878
2195
2154
2084
2059
2162
2083
1887
1781
1757
1861
1840
2051
2205
2318
2299
2110
2088
2163
2130
2207
2417
2469
2494
2389
2198
2184
1995
1878
1837
1780
1845
1960
2420
2470
2275
1807
1845
1947
2100
2326
2211
2002
1618
1521
1510
1452
1536
1562
1842
1609
2002
1823
1840
2225
2686
2583
2269
2387
2479
2354
2251
2051
1908
1890
1776
1970
1886
1795
1530
1646
1520
1686
1858
1803
1745
1747
1915
1872
1833
1966
1882
2020
2178
1937
1675
1985
2187
2396
2237
2161
2272
2239
1964
1970
2181
2250
2352
2194
2104
2054
1947
2050
2057
1944
1915
1634
1587
1489
1911
1777
1652
1766
1883
1824
1821
2014
1842
2167
2378
2221
2095
2189
2328
2148
1941
1975
1786
1539
1849
1974
2056
1926
2052
2146
2214
2076
2549
2491
2438
2299
2465
2081
1998
2028
1907
1847
2062
2010
1706
1862
2226
2240
2157
2383
2456
2158
2130
2216
2244
2133
2097
2172
2134
2154
2191
2319
2182
1958
2119
2161
1971
2040
2091
2072
1927
1921
1817
2027
1735
1857
2218
2160
2024
2273
2390
2385
2390
2325
2363
2372
2249
2278
2537
2375
2358
2173
1886
2078
2069
1696
1832
1869
1597
1844
2124
1961
2240
2076
1763
1820
2153
1911
2137
1978
2031
1940
1852
1660
1582
1532
1571
1626
1628
1670
1803
1865
2087
1890
1991
2164
2419
2424
2266
2403
2497
2371
2176
2171
2118
2126
2108
1884
2231
2088
1901
1783
2074
2335
2679
2645
2293
2582
2565
2041
2220
2148
1927
1732
1876
1513
1801
2082
1894
1936
2032
2012
2257
2224
2430
2413
2195
2018
2113
2362
2261
2264
1745
1341
1652
1865
1748
1722
1930
2026
2038
2161
2240
2430
2692
2646
2599
2427
2430
2453
2312
1830
1670
1749
1487
1594
1850
1923
1774
2029
1652
1758
1910
2169
2278
1966
2671
2812
2479
2284
2471
1985
1992
2047
1728
1555
1753
1769
1689
1851
1894
2231
1733
1886
1853
1920
2222
2499
2388
2445
2661
2578
2031
1960
2005
2128
1931
1600
1590
1845
1589
1579
1872
2046
2103
2272
2102
2078
2109
1954
2198
2089
1981
1964
1976
1757
1688
1882
1984
1938
1856
1881
1692
1975
1991
2124
2015
2136
2267
2311
2206
2383
2620
2267
2272
2311
2291
1966
1847
1974
1877
1851
1819
1988
1920
2140
2194
2197
2130
2180
2293
2118
1970
2014
1874
1899
2156
2139
2026
1921
2199
1967
1756
1937
2178
1954
1868
1845
1533
1728
1947
1925
1760
1929
2098
2002
2267
2278
2328
2117
2340
2112
2065
1952
2033
1880
1933
2015
2081
2122
1946
2136
2494
2433
2135
2476
2380
2186
2236
2098
2043
2071
1993
2125
2306
2146
2150
1922
1724
1895
1773
1704
1898
2022
2016
1981
1779
1918
2042
2240
2243
2127
2029
2053
2207
2072
1931
1692
1745
1993
1965
1847
1894
2032
2049
1896
1839
1955
2115
1794
1704
2208
2462
2137
1768
1703
1774
1808
1993
2305
2265
2252
2415
2348
2320
2481
2196
2257
2362
2398
2510
2333
2201
2058
1876
1382
1554
1605
1548
1852
2021
2198
2153
2029
2180
2114
1856
1873
1954
1706
1950
2336
1956
1855
1822
1700
1821
2025
1926
2006
1872
1873
1966
2103
1927
1964
2161
2157
2187
2121
2430
2295
2138
2164
2045
2141
2214
1952
1942
1875
1870
1893
2100
1800
1851
1631
1745
2043
2001
1987
1890
1976
2074
2132
2049
2557
2737
2552
2438
2235
2262
2585
2365
2264
2216
2117
1866
1820
1807
2111
2261
2483
2612
2287
2469
2523
2559
2597
2253
2120
2186
2160
1983
1962
1941
1942
2034
1790
1912
1954
2062
2352
2153
2257
2206
2264
2395
2410
2145
2317
2267
2146
2206
2006
1982
2306
2481
2389
2488
2217
2208
2094
1912
2015
1986
2016
2047
2057
1967
1881
2007
2039
1737
1603
1617
1698
1889
1685
1492
1672
1832
1980
1837
2101
2142
2117
2038
2213
2093
1985
1972
1849
1948
2049
2008
1986
1980
1960
2191
1935
1998
1922
2103
2070
1960
1765
1960
1947
2020
1959
2116
2201
2351
2145
2092
2417
2330
1918
1524
1973
1793
1740
1662
1962
1969
1851
1636
1692
1993
1975
1763
1776
1786
1830
2008
2106
2102
2243
2139
2022
1937
2245
2347
2186
2161
2309
2271
1859
2126
2248
1967
2270
2489
2400
2174
2050
2115
1969
1866
1611
1938
1692
1580
1613
1837
1837
1921
1882
2060
2077
2247
2174
2319
2341
2214
1861
1993
1974
1987
1969
1813
1694
1631
1539
1682
1608
1613
1376
1455
1437
1380
1469
1804
2047
2104
2305
2271
2333
2258
2141
2238
2452
2651
2597
2425
2446
2333
2136
1998
2126
1867
1862
1512
1468
1652
1770
2042
1891
1836
1834
1976
2207
2264
2352
2344
2787
2545
2542
2600
2597
2452
2073
2155
2254
2167
1900
2075
2050
1823
1653
1936
1852
1928
1955
1952
2051
1971
2102
2273
2233
2360
2423
2409
2078
2235
2219
2249
1897
1760
1938
1877
1896
1860
1871
1660
1541
1597
2056
2169